2000  0.000200
2005  0.000200
2010  0.000200
2015  0.000200
2020  0.000200
2025  0.000200
2030  0.000200
2035  0.000200
2040  0.000200
2045  0.000200
2050  0.000200
2055  0.000200
2060  0.000200
2065  0.000200
2070  0.000200
2075  0.000200
2080  0.000200
2085  0.000200
2090  0.000200
2095  0.000200
2100  0.000200
2105  0.000200
2110  0.000200
2115  0.000200
2120  0.000200
2125  0.000200
2130  0.000200
2135  0.000200
2140  0.000200
2145  0.000200
2150  0.000200
2155  0.000200
2160  0.000200
2165  0.000200
2170  0.000200
2175  0.000200
2180  0.000200
2185  0.000200
2190  0.000200
2195  0.000200
2200  0.000200
2205  0.000200
2210  0.000200
2215  0.000200
2220  0.000200
2225  0.000200
2230  0.000200
2235  0.000200
2240  0.000200
2245  0.000200
2250  0.000200
2255  0.000200
2260  0.000200
2265  0.000200
2270  0.000200
2275  0.000200
2280  0.000200
2285  0.000200
2290  0.000200
2295  0.000200
2300  0.000200
2305  0.000200
2310  0.000200
2315  0.000200
2320  0.000200
2325  0.000200
2330  0.000200
2335  0.000200
2340  0.000200
2345  0.000200
2350  0.000200
2355  0.000200
2360  0.000200
2365  0.000200
2370  0.000200
2375  0.000200
2380  0.000200
2385  0.000200
2390  0.000200
2395  0.000200
2400  0.000200
2405  0.000200
2410  0.000200
2415  0.000200
2420  0.000200
2425  0.000200
2430  0.000200
2435  0.000200
2440  0.000200
2445  0.000200
2450  0.000200
2455  0.000200
2460  0.000200
2465  0.000200
2470  0.000200
2475  0.000200
2480  0.000200
2485  0.000200
2490  0.000200
2495  0.000200
2500  0.000200
2505  0.000200
2510  0.000200
2515  0.000200
2520  0.000200
2525  0.000200
2530  0.000200
2535  0.000200
2540  0.000200
2545  0.000200
2550  0.000200
2555  0.000200
2560  0.000200
2565  0.000200
2570  0.000200
2575  0.000200
2580  0.000200
2585  0.000200
2590  0.000200
2595  0.000200
2600  0.000200
2605  0.000200
2610  0.000200
2615  0.000200
2620  0.000200
2625  0.000200
2630  0.000200
2635  0.000200
2640  0.000200
2645  0.000200
2650  0.000200
2655  0.000200
2660  0.000200
2665  0.000200
2670  0.000200
2675  0.000200
2680  0.000200
2685  0.000200
2690  0.000200
2695  0.000200
2700  0.000200
2705  0.000200
2710  0.000200
2715  0.000200
2720  0.000200
2725  0.000200
2730  0.000200
2735  0.000200
2740  0.000200
2745  0.000200
2750  0.000200
2755  0.000200
2760  0.000200
2765  0.000200
2770  0.000200
2775  0.000200
2780  0.000200
2785  0.000200
2790  0.000200
2795  0.000200
2800  0.000200
2805  0.000200
2810  0.000200
2815  0.000200
2820  0.000200
2825  0.000200
2830  0.000200
2835  0.000200
2840  0.000200
2845  0.000200
2850  0.000200
2855  0.000200
2860  0.000200
2865  0.000200
2870  0.000200
2875  0.000200
2880  0.000200
2885  0.000200
2890  0.000200
2895  0.000200
2900  0.000200
2905  0.000200
2910  0.000200
2915  0.000200
2920  0.000200
2925  0.000200
2930  0.000200
2935  0.000200
2940  0.000200
2945  0.000200
2950  0.000200
2955  0.000200
2960  0.000200
2965  0.000200
2970  0.000200
2975  0.000200
2980  0.000200
2985  0.000200
2990  0.000200
2995  0.000200
3000  0.000200
3005  0.000200
3010  0.000200
3015  0.000200
3020  0.000200
3025  0.000200
3030  0.000200
3035  0.000200
3040  0.000200
3045  0.000200
3050  0.000200
3055  0.000200
3060  0.000200
3065  0.000200
3070  0.000200
3075  0.000200
3080  0.000200
3085  0.000200
3090  0.000200
3095  0.000200
3100  0.000200
3105  0.000200
3110  0.000200
3115  0.000200
3120  0.000200
3125  0.000200
3130  0.000200
3135  0.000200
3140  0.000200
3145  0.000200
3150  0.000200
3155  0.000200
3160  0.000200
3165  0.000200
3170  0.000200
3175  0.000200
3180  0.000200
3185  0.000200
3190  0.000200
3195  0.000200
3200  0.000200
3205  0.000200
3210  0.000200
3215  0.000200
3220  0.000200
3225  0.000200
3230  0.000200
3235  0.000200
3240  0.000200
3245  0.000200
3250  0.000200
3255  0.000200
3260  0.000200
3265  0.000200
3270  0.000200
3275  0.000200
3280  0.000200
3285  0.000200
3290  0.000200
3295  0.000200
3300  0.000200
3305  0.000200
3310  0.000200
3315  0.000200
3320  0.000200
3325  0.000200
3330  0.000200
3335  0.000200
3340  0.000200
3345  0.000200
3350  0.000200
3355  0.000200
3360  0.000200
3365  0.000200
3370  0.000200
3375  0.000200
3380  0.000200
3385  0.000200
3390  0.000200
3395  0.000200
3400  0.000200
3405  0.000200
3410  0.000200
3415  0.000200
3420  0.000200
3425  0.000200
3430  0.000200
3435  0.000200
3440  0.000200
3445  0.000200
3450  0.000200
3455  0.000200
3460  0.000200
3465  0.000200
3470  0.000200
3475  0.000200
3480  0.000200
3485  0.000200
3490  0.000200
3495  0.000200
3500  0.000200
3505  0.000200
3510  0.000200
3515  0.000200
3520  0.000200
3525  0.000200
3530  0.000200
3535  0.000200
3540  0.000200
3545  0.000200
3550  0.000200
3555  0.000200
3560  0.000200
3565  0.000200
3570  0.000200
3575  0.000200
3580  0.000200
3585  0.000200
3590  0.000200
3595  0.000200
3600  0.000200
3605  0.000200
3610  0.000200
3615  0.000200
3620  0.000200
3625  0.000200
3630  0.000200
3635  0.000200
3640  0.000200
3645  0.000200
3650  0.000200
3655  0.000200
3660  0.000200
3665  0.000200
3670  0.000200
3675  0.000200
3680  0.000200
3685  0.000200
3690  0.000200
3695  0.000200
3700  0.000200
3705  0.000200
3710  0.000200
3715  0.000200
3720  0.000200
3725  0.000200
3730  0.000200
3735  0.000200
3740  0.000200
3745  0.000200
3750  0.000200
3755  0.000550
3760  0.002220
3765  0.003560
3770  0.004860
3775  0.006500
3780  0.008270
3785  0.009560
3790  0.012790
3795  0.018780
3800  0.027710
3805  0.041170
3810  0.062880
3815  0.098690
3820  0.152450
3825  0.223750
3830  0.323610
3835  0.460240
3840  0.636720
3845  0.863810
3850  1.156170
3855  1.524310
3860  1.970140
3865  2.500570
3870  3.142460
3875  3.911280
3880  4.793930
3885  5.777120
3890  6.864470
3895  8.053650
3900  9.320310
3905  10.624101
3910  11.952109
3915  13.302870
3920  14.671590
3925  16.065689
3930  17.500250
3935  18.981951
3940  20.519310
3945  22.127291
3950  23.826490
3955  25.600460
3960  27.408821
3965  29.225201
3970  31.026480
3975  32.789249
3980  34.495010
3985  36.125229
3990  37.703819
3995  39.253418
4000  40.818230
4005  42.435501
4010  44.109882
4015  45.809860
4020  47.519932
4025  49.191292
4030  50.738602
4035  52.047626
4040  53.047287
4045  53.716511
4050  54.042297
4055  54.024059
4060  53.765648
4065  53.356922
4070  52.922516
4075  52.558880
4080  52.370178
4085  52.429070
4090  52.791142
4095  53.484200
4100  54.498058
4105  55.773998
4110  57.289867
4115  58.995270
4120  60.797382
4125  62.583130
4130  64.290550
4135  65.839958
4140  67.192429
4145  68.316772
4150  69.215607
4155  69.910522
4160  70.455360
4165  70.898125
4170  71.278015
4175  71.597244
4180  71.887863
4185  72.164909
4190  72.421532
4195  72.610481
4200  72.733391
4205  72.781349
4210  72.742172
4215  72.619400
4220  72.432091
4225  72.200500
4230  71.982315
4235  71.794334
4240  71.683502
4245  71.667770
4250  71.771851
4255  72.004128
4260  72.361954
4265  72.799683
4270  73.310738
4275  73.850204
4280  74.379036
4285  74.866257
4290  75.280853
4295  75.594597
4300  75.816490
4305  75.940399
4310  75.991920
4315  75.993622
4320  75.971649
4325  75.986954
4330  76.055183
4335  76.204346
4340  76.451126
4345  76.799927
4350  77.265541
4355  77.824821
4360  78.438126
4365  79.075493
4370  79.712059
4375  80.283760
4380  80.767731
4385  81.125778
4390  81.344398
4395  81.435791
4400  81.409874
4405  81.286949
4410  81.066940
4415  80.797340
4420  80.526756
4425  80.267265
4430  80.052727
4435  79.922333
4440  79.912880
4445  79.995789
4450  80.175163
4455  80.429512
4460  80.744896
4465  81.098320
4470  81.473228
4475  81.830566
4480  82.131371
4485  82.386986
4490  82.592552
4495  82.710114
4500  82.739922
4505  82.697807
4510  82.610283
4515  82.491768
4520  82.361221
4525  82.247299
4530  82.163521
4535  82.143272
4540  82.201187
4545  82.331566
4550  82.514725
4555  82.774933
4560  83.088394
4565  83.442741
4570  83.820229
4575  84.213242
4580  84.616249
4585  85.008255
4590  85.375580
4595  85.707275
4600  85.996613
4605  86.244400
4610  86.462021
4615  86.627533
4620  86.746094
4625  86.857292
4630  86.954391
4635  87.052116
4640  87.152428
4645  87.252686
4650  87.365150
4655  87.482086
4660  87.602890
4665  87.714920
4670  87.827499
4675  87.922874
4680  88.010811
4685  88.063629
4690  88.069954
4695  88.021309
4700  87.911774
4705  87.728943
4710  87.509232
4715  87.263130
4720  87.001030
4725  86.738007
4730  86.486855
4735  86.244720
4740  86.040787
4745  85.878479
4750  85.766853
4755  85.713379
4760  85.728439
4765  85.817657
4770  85.960449
4775  86.148575
4780  86.395164
4785  86.693237
4790  87.037773
4795  87.415749
4800  87.814713
4805  88.198433
4810  88.560493
4815  88.887489
4820  89.169899
4825  89.392784
4830  89.575645
4835  89.724892
4840  89.800911
4845  89.827850
4850  89.802063
4855  89.730110
4860  89.629105
4865  89.499847
4870  89.371361
4875  89.226570
4880  89.090683
4885  88.968910
4890  88.869766
4895  88.787590
4900  88.734489
4905  88.728867
4910  88.739281
4915  88.784119
4920  88.837921
4925  88.904510
4930  88.992599
4935  89.072876
4940  89.148048
4945  89.215042
4950  89.285728
4955  89.359489
4960  89.419624
4965  89.478302
4970  89.507317
4975  89.529457
4980  89.542076
4985  89.540001
4990  89.538589
4995  89.534187
5000  89.553032
5005  89.577209
5010  89.595505
5015  89.627365
5020  89.678017
5025  89.747238
5030  89.825470
5035  89.929214
5040  90.043541
5045  90.174004
5050  90.302757
5055  90.431053
5060  90.542259
5065  90.650902
5070  90.760811
5075  90.846657
5080  90.907654
5085  90.951004
5090  90.961464
5095  90.949593
5100  90.885620
5105  90.777603
5110  90.643898
5115  90.488541
5120  90.309235
5125  90.138748
5130  89.941490
5135  89.725899
5140  89.509148
5145  89.277916
5150  89.042503
5155  88.801285
5160  88.560715
5165  88.355705
5170  88.161888
5175  87.984039
5180  87.838951
5185  87.721642
5190  87.631721
5195  87.574333
5200  87.548706
5205  87.534554
5210  87.553665
5215  87.582985
5220  87.619362
5225  87.666031
5230  87.734909
5235  87.833069
5240  87.934158
5245  88.038498
5250  88.117821
5255  88.202385
5260  88.281548
5265  88.336746
5270  88.373871
5275  88.388687
5280  88.406769
5285  88.401978
5290  88.367775
5295  88.301071
5300  88.207413
5305  88.089508
5310  87.939415
5315  87.776352
5320  87.558372
5325  87.330009
5330  87.090248
5335  86.832161
5340  86.559334
5345  86.278618
5350  85.996689
5355  85.684341
5360  85.363945
5365  85.047707
5370  84.749420
5375  84.463852
5380  84.197594
5385  83.955727
5390  83.729988
5395  83.527809
5400  83.356133
5405  83.220604
5410  83.123177
5415  83.072975
5420  83.078125
5425  83.096123
5430  83.119049
5435  83.147469
5440  83.171303
5445  83.165535
5450  83.105087
5455  82.962723
5460  82.715218
5465  82.307938
5470  81.711456
5475  80.911484
5480  79.893112
5485  78.604912
5490  77.073959
5495  75.299759
5500  73.259346
5505  70.953384
5510  68.434761
5515  65.764702
5520  62.939049
5525  59.942078
5530  56.855118
5535  53.706978
5540  50.487762
5545  47.213570
5550  43.927589
5555  40.630482
5560  37.346241
5565  34.111279
5570  30.957329
5575  27.882221
5580  24.920429
5585  22.143860
5590  19.562040
5595  17.157320
5600  14.977481
5605  13.036880
5610  11.306640
5615  9.759979
5620  8.402740
5625  7.231480
5630  6.209250
5635  5.306620
5640  4.536480
5645  3.892640
5650  3.350660
5655  2.892230
5660  2.494420
5665  2.156580
5670  1.879130
5675  1.643850
5680  1.438570
5685  1.262270
5690  1.114070
5695  0.988880
5700  0.878330
5705  0.782350
5710  0.699560
5715  0.627880
5720  0.564590
5725  0.508300
5730  0.459610
5735  0.416400
5740  0.377870
5745  0.343680
5750  0.314290
5755  0.288590
5760  0.264370
5765  0.242270
5770  0.222710
5775  0.205090
5780  0.189030
5785  0.174650
5790  0.162180
5795  0.150120
5800  0.138700
5805  0.128200
5810  0.118550
5815  0.109940
5820  0.101570
5825  0.093860
5830  0.086120
5835  0.079350
5840  0.072250
5845  0.065000
5850  0.058870
5855  0.053940
5860  0.049730
5865  0.045820
5870  0.042510
5875  0.039230
5880  0.035560
5885  0.033120
5890  0.030280
5895  0.027470
5900  0.024960
5905  0.023300
5910  0.020840
5915  0.018540
5920  0.017170
5925  0.015560
5930  0.014270
5935  0.013050
5940  0.012100
5945  0.011960
5950  0.011290
5955  0.010650
5960  0.009590
5965  0.008980
5970  0.009600
5975  0.009130
5980  0.008470
5985  0.007920
5990  0.007420
5995  0.006400
6000  0.005840
6005  0.005060
6010  0.004480
6015  0.004800
6020  0.005420
6025  0.005290
6030  0.004480
6035  0.003840
6040  0.003970
6045  0.004100
6050  0.004000
6055  0.004220
6060  0.004140
6065  0.004440
6070  0.004200
6075  0.003450
6080  0.002890
6085  0.002190
6090  0.002160
6095  0.002000
6100  0.002140
6105  0.002190
6110  0.001840
6115  0.002140
6120  0.002000
6125  0.001900
6130  0.001670
6135  0.001960
6140  0.002290
6145  0.002410
6150  0.002390
6155  0.002020
6160  0.001560
6165  0.001380
6170  0.001370
6175  0.001660
6180  0.001380
6185  0.001020
6190  0.000280
6195  0.000200
6200  0.000200
6205  0.000840
6210  0.001310
6215  0.001470
6220  0.001690
6225  0.001910
6230  0.001370
6235  0.000710
6240  0.000200
6245  0.000200
6250  0.000200
6255  0.000200
6260  0.000200
6265  0.000470
6270  0.000840
6275  0.001320
6280  0.001000
6285  0.000200
6290  0.000200
6295  0.000200
6300  0.000200
6305  0.000200
6310  0.000200
6315  0.000200
6320  0.000200
6325  0.000200
6330  0.000200
6335  0.000200
6340  0.000200
6345  0.000200
6350  0.000200
6355  0.000200
6360  0.000200
6365  0.000200
6370  0.000290
6375  0.000890
6380  0.001430
6385  0.001680
6390  0.000490
6395  0.000200
6400  0.000200
6405  0.000200
6410  0.000200
6415  0.000200
6420  0.000200
6425  0.000200
6430  0.000200
6435  0.000200
6440  0.000200
6445  0.000200
6450  0.000200
6455  0.000200
6460  0.000200
6465  0.000200
6470  0.000200
6475  0.000200
6480  0.000200
6485  0.000200
6490  0.000200
6495  0.000200
6500  0.000200
6505  0.000200
6510  0.000200
6515  0.000200
6520  0.000200
6525  0.000200
6530  0.000200
6535  0.000200
6540  0.000200
6545  0.000200
6550  0.000200
6555  0.000200
6560  0.000200
6565  0.000200
6570  0.000200
6575  0.000200
6580  0.000370
6585  0.000200
6590  0.000200
6595  0.000860
6600  0.001200
6605  0.001010
6610  0.000200
6615  0.000200
6620  0.000200
6625  0.000200
6630  0.000200
6635  0.000200
6640  0.000560
6645  0.001330
6650  0.001740
6655  0.000740
6660  0.000200
6665  0.000200
6670  0.000200
6675  0.000200
6680  0.000200
6685  0.000200
6690  0.000200
6695  0.000200
6700  0.000200
6705  0.000200
6710  0.000200
6715  0.000200
6720  0.000200
6725  0.000200
6730  0.000200
6735  0.000200
6740  0.000200
6745  0.000200
6750  0.000200
6755  0.000200
6760  0.000200
6765  0.000200
6770  0.000200
6775  0.000200
6780  0.000200
6785  0.000200
6790  0.000200
6795  0.000200
6800  0.000200
6805  0.000200
6810  0.000200
6815  0.000200
6820  0.000200
6825  0.000200
6830  0.000200
6835  0.000200
6840  0.000200
6845  0.000200
6850  0.000200
6855  0.000200
6860  0.000200
6865  0.000200
6870  0.000200
6875  0.000200
6880  0.000200
6885  0.000200
6890  0.000200
6895  0.000200
6900  0.000200
6905  0.000200
6910  0.000200
6915  0.000200
6920  0.000200
6925  0.000200
6930  0.000200
6935  0.000200
6940  0.000200
6945  0.000580
6950  0.000770
6955  0.000930
6960  0.001180
6965  0.000860
6970  0.000200
6975  0.000200
6980  0.000200
6985  0.000200
6990  0.000200
6995  0.000200
7000  0.000200
7005  0.000200
7010  0.000200
7015  0.000200
7020  0.000200
7025  0.000200
7030  0.000200
7035  0.000200
7040  0.000200
7045  0.000200
7050  0.000200
7055  0.000200
7060  0.000200
7065  0.000200
7070  0.000200
7075  0.000200
7080  0.000200
7085  0.000200
7090  0.000200
7095  0.000200
7100  0.000200
7105  0.000200
7110  0.000200
7115  0.000200
7120  0.000200
7125  0.000200
7130  0.000200
7135  0.000200
7140  0.000200
7145  0.000200
7150  0.000200
7155  0.000200
7160  0.000200
7165  0.000200
7170  0.000780
7175  0.000920
7180  0.001420
7185  0.001420
7190  0.000630
7195  0.000390
7200  0.000200
7205  0.000200
7210  0.000200
7215  0.000200
7220  0.000200
7225  0.000200
7230  0.000200
7235  0.000200
7240  0.000200
7245  0.000200
7250  0.000200
7255  0.000200
7260  0.000200
7265  0.000200
7270  0.000200
7275  0.000200
7280  0.000200
7285  0.000200
7290  0.000200
7295  0.000200
7300  0.000200
7305  0.000200
7310  0.000200
7315  0.000200
7320  0.000200
7325  0.000200
7330  0.000200
7335  0.000200
7340  0.000200
7345  0.000200
7350  0.000200
7355  0.000200
7360  0.000200
7365  0.000200
7370  0.000200
7375  0.000200
7380  0.000200
7385  0.000200
7390  0.000200
7395  0.000200
7400  0.000200
7405  0.000830
7410  0.000820
7415  0.000570
7420  0.000200
7425  0.000200
7430  0.000200
7435  0.000200
7440  0.000200
7445  0.000200
7450  0.000200
7455  0.000200
7460  0.000200
7465  0.000200
7470  0.000200
7475  0.000200
7480  0.000200
7485  0.000200
7490  0.000200
7495  0.000200
7500  0.000200
7505  0.000200
7510  0.000200
7515  0.000200
7520  0.000200
7525  0.000200
7530  0.000200
7535  0.000200
7540  0.000200
7545  0.000200
7550  0.000200
7555  0.000200
7560  0.000200
7565  0.000200
7570  0.000200
7575  0.000200
7580  0.000200
7585  0.000200
7590  0.000200
7595  0.000200
7600  0.000200
7605  0.000200
7610  0.000240
7615  0.000200
7620  0.000200
7625  0.000200
7630  0.000200
7635  0.000200
7640  0.000200
7645  0.000200
7650  0.000200
7655  0.000200
7660  0.000200
7665  0.000200
7670  0.000200
7675  0.000200
7680  0.000200
7685  0.000200
7690  0.000200
7695  0.000200
7700  0.000200
7705  0.000200
7710  0.000200
7715  0.000200
7720  0.000200
7725  0.000200
7730  0.000200
7735  0.000200
7740  0.000200
7745  0.000200
7750  0.000200
7755  0.000200
7760  0.000200
7765  0.000200
7770  0.000200
7775  0.000200
7780  0.000200
7785  0.000200
7790  0.000200
7795  0.000200
7800  0.000200
7805  0.000200
7810  0.000200
7815  0.000200
7820  0.000200
7825  0.000200
7830  0.000200
7835  0.000200
7840  0.000200
7845  0.000200
7850  0.000200
7855  0.000200
7860  0.000200
7865  0.000200
7870  0.000200
7875  0.000200
7880  0.000200
7885  0.000200
7890  0.000200
7895  0.000200
7900  0.000200
7905  0.000200
7910  0.000200
7915  0.000200
7920  0.000200
7925  0.000200
7930  0.000200
7935  0.000200
7940  0.000200
7945  0.000200
7950  0.000200
7955  0.000200
7960  0.000200
7965  0.000200
7970  0.000200
7975  0.000200
7980  0.000200
7985  0.000200
7990  0.000200
7995  0.000200
8000  0.000200
8005  0.000200
8010  0.000200
8015  0.000200
8020  0.000200
8025  0.000200
8030  0.000200
8035  0.000200
8040  0.000200
8045  0.000200
8050  0.000200
8055  0.000200
8060  0.000200
8065  0.000200
8070  0.000200
8075  0.000200
8080  0.000200
8085  0.000200
8090  0.000200
8095  0.000200
8100  0.000200
8105  0.000200
8110  0.000200
8115  0.000200
8120  0.000200
8125  0.000200
8130  0.000200
8135  0.000200
8140  0.000200
8145  0.000200
8150  0.000200
8155  0.000200
8160  0.000200
8165  0.000200
8170  0.000200
8175  0.000200
8180  0.000200
8185  0.000200
8190  0.000200
8195  0.000200
8200  0.000200
8205  0.000200
8210  0.000200
8215  0.000200
8220  0.000200
8225  0.000200
8230  0.000200
8235  0.000200
8240  0.000200
8245  0.000200
8250  0.000200
8255  0.000200
8260  0.000200
8265  0.000200
8270  0.000200
8275  0.000200
8280  0.000200
8285  0.000200
8290  0.000270
8295  0.000240
8300  0.000200
8305  0.000200
8310  0.000200
8315  0.000200
8320  0.000200
8325  0.000200
8330  0.000200
8335  0.000200
8340  0.000200
8345  0.000200
8350  0.000200
8355  0.000200
8360  0.000200
8365  0.000200
8370  0.000200
8375  0.000200
8380  0.000200
8385  0.000200
8390  0.000200
8395  0.000200
8400  0.000200
8405  0.000200
8410  0.000200
8415  0.000200
8420  0.000200
8425  0.000200
8430  0.000200
8435  0.000200
8440  0.000200
8445  0.000200
8450  0.000200
8455  0.010100
8460  0.004070
8465  0.000200
8470  0.000200
8475  0.000200
8480  0.000200
8485  0.000200
8490  0.000200
8495  0.000200
8500  0.000200
8505  0.000200
8510  0.000200
8515  0.000200
8520  0.000200
8525  0.000200
8530  0.000200
8535  0.000200
8540  0.000200
8545  0.000200
8550  0.000200
8555  0.000200
8560  0.000200
8565  0.000200
8570  0.000200
8575  0.000200
8580  0.000200
8585  0.000200
8590  0.000200
8595  0.000200
8600  0.000200
8605  0.000200
8610  0.000200
8615  0.000200
8620  0.000200
8625  0.000200
8630  0.000200
8635  0.000200
8640  0.000200
8645  0.000200
8650  0.000200
8655  0.000200
8660  0.000200
8665  0.000200
8670  0.000200
8675  0.000200
8680  0.000200
8685  0.000200
8690  0.000200
8695  0.000200
8700  0.000200
8705  0.000200
8710  0.000200
8715  0.000200
8720  0.000200
8725  0.000200
8730  0.000200
8735  0.000200
8740  0.000200
8745  0.000200
8750  0.000200
8755  0.000200
8760  0.000200
8765  0.000200
8770  0.000200
8775  0.000200
8780  0.000200
8785  0.000200
8790  0.000200
8795  0.000200
8800  0.000200
8805  0.000200
8810  0.000200
8815  0.000200
8820  0.000200
8825  0.000200
8830  0.000200
8835  0.000200
8840  0.000200
8845  0.000200
8850  0.000200
8855  0.000200
8860  0.000200
8865  0.000200
8870  0.000200
8875  0.000200
8880  0.000200
8885  0.000200
8890  0.000200
8895  0.000200
8900  0.000200
8905  0.000200
8910  0.000200
8915  0.000200
8920  0.000200
8925  0.000200
8930  0.000200
8935  0.000200
8940  0.000200
8945  0.000200
8950  0.000200
8955  0.000200
8960  0.000200
8965  0.000200
8970  0.000200
8975  0.000200
8980  0.000200
8985  0.000200
8990  0.000200
8995  0.000200
9000  0.000200
9005  0.000200
9010  0.000200
9015  0.000200
9020  0.000200
9025  0.000200
9030  0.000200
9035  0.000200
9040  0.000200
9045  0.000200
9050  0.000200
9055  0.000200
9060  0.000200
9065  0.000200
9070  0.000200
9075  0.000200
9080  0.000200
9085  0.000200
9090  0.000200
9095  0.000200
9100  0.000200
9105  0.000200
9110  0.000200
9115  0.000200
9120  0.000200
9125  0.000200
9130  0.000200
9135  0.000200
9140  0.000200
9145  0.000200
9150  0.000200
9155  0.000200
9160  0.000200
9165  0.000200
9170  0.000200
9175  0.000200
9180  0.000200
9185  0.000200
9190  0.000200
9195  0.000200
9200  0.000200
9205  0.000200
9210  0.000200
9215  0.000200
9220  0.000200
9225  0.000200
9230  0.000200
9235  0.000200
9240  0.000200
9245  0.000200
9250  0.000200
9255  0.000200
9260  0.000200
9265  0.000200
9270  0.000200
9275  0.000200
9280  0.000200
9285  0.000200
9290  0.000200
9295  0.000200
9300  0.000200
9305  0.000200
9310  0.000200
9315  0.000200
9320  0.000200
9325  0.000200
9330  0.000200
9335  0.000200
9340  0.000200
9345  0.000200
9350  0.000200
9355  0.000200
9360  0.000200
9365  0.000200
9370  0.000200
9375  0.000200
9380  0.000200
9385  0.000200
9390  0.000200
9395  0.000200
9400  0.000200
9405  0.000200
9410  0.000200
9415  0.000200
9420  0.000200
9425  0.000200
9430  0.000200
9435  0.000200
9440  0.000200
9445  0.000200
9450  0.000200
9455  0.000200
9460  0.000200
9465  0.000200
9470  0.000200
9475  0.000200
9480  0.000200
9485  0.000200
9490  0.000200
9495  0.000200
9500  0.000200
9505  0.000200
9510  0.000200
9515  0.000200
9520  0.000200
9525  0.000200
9530  0.000200
9535  0.000200
9540  0.000200
9545  0.000200
9550  0.000200
9555  0.000200
9560  0.000200
9565  0.000200
9570  0.000200
9575  0.000200
9580  0.000200
9585  0.000200
9590  0.000200
9595  0.000200
9600  0.000200
9605  0.000200
9610  0.000200
9615  0.000200
9620  0.000200
9625  0.000200
9630  0.000200
9635  0.000200
9640  0.000200
9645  0.000200
9650  0.000200
9655  0.000200
9660  0.000200
9665  0.000200
9670  0.000200
9675  0.000200
9680  0.000200
9685  0.000200
9690  0.000200
9695  0.000200
9700  0.000200
9705  0.000200
9710  0.000200
9715  0.000200
9720  0.000200
9725  0.000200
9730  0.000200
9735  0.000200
9740  0.000200
9745  0.000200
9750  0.000200
9755  0.000200
9760  0.000200
9765  0.000200
9770  0.000200
9775  0.000200
9780  0.000200
9785  0.000200
9790  0.000200
9795  0.000200
9800  0.000200
9805  0.000200
9810  0.000200
9815  0.000200
9820  0.000200
9825  0.000200
9830  0.000200
9835  0.000200
9840  0.000200
9845  0.000200
9850  0.000200
9855  0.000200
9860  0.000200
9865  0.000200
9870  0.000200
9875  0.000200
9880  0.000200
9885  0.000200
9890  0.000200
9895  0.000200
9900  0.000200
9905  0.000200
9910  0.000200
9915  0.000200
9920  0.000200
9925  0.000200
9930  0.000200
9935  0.000200
9940  0.000200
9945  0.000200
9950  0.000200
9955  0.000200
9960  0.000200
9965  0.000200
9970  0.000200
9975  0.000200
9980  0.000200
9985  0.000200
9990  0.000200
9995  0.000200
10000  0.000200
10005  0.000200
10010  0.000200
10015  0.000200
10020  0.000200
10025  0.000200
10030  0.000200
10035  0.000200
10040  0.000200
10045  0.000200
10050  0.000200
10055  0.000200
10060  0.000200
10065  0.000200
10070  0.000200
10075  0.000200
10080  0.000200
10085  0.000200
10090  0.000200
10095  0.000200
10100  0.000200
10105  0.000200
10110  0.000200
10115  0.000200
10120  0.000200
10125  0.000200
10130  0.000200
10135  0.000200
10140  0.000200
10145  0.000200
10150  0.000200
10155  0.000200
10160  0.000200
10165  0.000200
10170  0.000200
10175  0.000200
10180  0.000200
10185  0.000200
10190  0.000200
10195  0.000200
10200  0.000200
10205  0.000200
10210  0.000200
10215  0.000200
10220  0.000200
10225  0.000200
10230  0.000200
10235  0.000200
10240  0.000200
10245  0.000200
10250  0.000200
10255  0.000200
10260  0.000200
10265  0.000200
10270  0.000200
10275  0.000200
10280  0.000200
10285  0.000200
10290  0.000200
10295  0.000200
10300  0.000200
10305  0.000200
10310  0.000200
10315  0.000200
10320  0.000200
10325  0.000200
10330  0.000200
10335  0.000200
10340  0.000200
10345  0.000200
10350  0.000200
10355  0.000200
10360  0.000200
10365  0.000200
10370  0.000200
10375  0.000200
10380  0.000200
10385  0.000200
10390  0.000200
10395  0.000200
10400  0.000200
10405  0.000200
10410  0.000200
10415  0.000200
10420  0.000200
10425  0.000200
10430  0.000200
10435  0.000200
10440  0.000200
10445  0.000200
10450  0.000200
10455  0.000200
10460  0.000200
10465  0.000200
10470  0.000200
10475  0.000200
10480  0.000200
10485  0.000200
10490  0.000200
10495  0.000200
10500  0.000200
10505  0.000200
10510  0.000200
10515  0.000200
10520  0.000200
10525  0.000200
10530  0.000200
10535  0.000200
10540  0.000200
10545  0.000200
10550  0.000200
10555  0.000200
10560  0.000200
10565  0.000200
10570  0.000200
10575  0.000200
10580  0.000200
10585  0.000200
10590  0.000200
10595  0.000200
10600  0.000200
10605  0.000200
10610  0.000200
10615  0.000200
10620  0.000200
10625  0.000200
10630  0.000200
10635  0.000200
10640  0.000200
10645  0.000200
10650  0.000200
10655  0.000200
10660  0.000200
10665  0.000200
10670  0.000200
10675  0.000200
10680  0.000200
10685  0.000200
10690  0.000200
10695  0.000200
10700  0.000200
10705  0.000200
10710  0.000200
10715  0.000200
10720  0.000200
10725  0.000200
10730  0.000200
10735  0.000200
10740  0.000200
10745  0.000200
10750  0.000200
10755  0.000200
10760  0.000200
10765  0.000200
10770  0.000200
10775  0.000200
10780  0.000200
10785  0.000200
10790  0.000200
10795  0.000200
10800  0.000200
10805  0.000200
10810  0.000200
10815  0.000200
10820  0.000200
10825  0.000200
10830  0.000200
10835  0.000200
10840  0.000200
10845  0.000200
10850  0.000200
10855  0.000200
10860  0.000200
10865  0.000200
10870  0.000200
10875  0.000200
10880  0.000200
10885  0.000200
10890  0.000200
10895  0.000200
10900  0.000200
10905  0.000200
10910  0.000200
10915  0.000200
10920  0.000200
10925  0.000200
10930  0.000200
10935  0.000200
10940  0.000200
10945  0.000200
10950  0.000200
10955  0.000200
10960  0.000200
10965  0.000200
10970  0.000200
10975  0.000200
10980  0.000200
10985  0.000200
10990  0.000200
10995  0.000200
11000  0.000200
11005  0.000200
11010  0.000200
11015  0.000200
11020  0.000200
11025  0.000200
11030  0.000200
11035  0.000200
11040  0.000200
11045  0.000200
11050  0.000200
11055  0.000200
11060  0.000200
11065  0.000200
11070  0.000200
11075  0.000200
11080  0.000200
11085  0.000200
11090  0.000200
11095  0.000200
11100  0.000200
11105  0.000200
11110  0.000200
11115  0.000200
11120  0.000200
11125  0.000200
11130  0.000200
11135  0.000200
11140  0.000200
11145  0.000200
11150  0.000200
11155  0.000200
11160  0.000200
11165  0.000200
11170  0.000200
11175  0.000200
11180  0.000200
11185  0.000200
11190  0.000200
11195  0.000200
11200  0.000200
11205  0.000200
11210  0.000200
11215  0.000200
11220  0.000200
11225  0.000200
11230  0.000200
11235  0.000200
11240  0.000200
11245  0.000200
11250  0.000200
11255  0.000200
11260  0.000200
11265  0.000200
11270  0.000200
11275  0.000200
11280  0.000200
11285  0.000200
11290  0.000200
11295  0.000200
11300  0.000200
11305  0.000200
11310  0.000200
11315  0.000200
11320  0.000200
11325  0.000200
11330  0.000200
11335  0.000200
11340  0.000200
11345  0.000200
11350  0.000200
11355  0.000200
11360  0.000200
11365  0.000200
11370  0.000200
11375  0.000200
11380  0.000200
11385  0.000200
11390  0.000200
11395  0.000200
11400  0.000200
11405  0.000200
11410  0.000200
11415  0.000200
11420  0.000200
11425  0.000200
11430  0.000200
11435  0.000200
11440  0.000200
11445  0.000200
11450  0.000200
11455  0.000200
11460  0.000200
11465  0.000200
11470  0.000200
11475  0.000200
11480  0.000200
11485  0.000200
11490  0.000200
11495  0.000200
11500  0.000200
11505  0.000200
11510  0.000200
11515  0.000200
11520  0.000200
11525  0.000200
11530  0.000200
11535  0.000200
11540  0.000200
11545  0.000200
11550  0.000200
11555  0.000200
11560  0.000200
11565  0.000200
11570  0.000200
11575  0.000200
11580  0.000200
11585  0.000200
11590  0.000200
11595  0.000200
11600  0.000200
11605  0.000200
11610  0.000200
11615  0.000200
11620  0.000200
11625  0.000200
11630  0.000200
11635  0.000200
11640  0.000200
11645  0.000200
11650  0.000200
11655  0.000200
11660  0.000200
11665  0.000200
11670  0.000200
11675  0.000200
11680  0.000200
11685  0.000200
11690  0.000200
11695  0.000200
11700  0.000200
11705  0.007360
11710  0.012900
11715  0.012610
11720  0.000480
11725  0.000200
11730  0.000200
11735  0.000200
11740  0.000200
11745  0.000200
11750  0.000200
11755  0.000200
11760  0.000200
11765  0.000200
11770  0.000200
11775  0.000200
11780  0.000200
11785  0.000200
11790  0.000200
11795  0.000200
11800  0.000200
11805  0.000200
11810  0.000200
11815  0.011290
11820  0.011720
11825  0.019290
11830  0.018450
11835  0.011750
11840  0.006460
11845  0.006380
11850  0.000200
11855  0.001740
11860  0.000200
11865  0.000200
11870  0.000200
11875  0.000200
11880  0.000200
11885  0.000200
11890  0.000200
11895  0.000200
11900  0.000200
11905  0.000200
11910  0.007990
11915  0.013380
11920  0.015830
11925  0.024400
11930  0.026030
11935  0.033650
11940  0.032570
11945  0.026560
11950  0.015580
11955  0.008070
11960  0.002030
11965  0.011610
11970  0.022440
11975  0.034780
11980  0.048690
11985  0.058140
11990  0.064610
11995  0.061260
12000  0.052070
