2000  0.000200
2005  0.000200
2010  0.000200
2015  0.000200
2020  0.000200
2025  0.000200
2030  0.000200
2035  0.000200
2040  0.000200
2045  0.000200
2050  0.000200
2055  0.000200
2060  0.000200
2065  0.000200
2070  0.000200
2075  0.000200
2080  0.000200
2085  0.000200
2090  0.000200
2095  0.000200
2100  0.000200
2105  0.000200
2110  0.000200
2115  0.000200
2120  0.000200
2125  0.000200
2130  0.000200
2135  0.000200
2140  0.000200
2145  0.000200
2150  0.000200
2155  0.000200
2160  0.000200
2165  0.000200
2170  0.000200
2175  0.000200
2180  0.000200
2185  0.000200
2190  0.000200
2195  0.000200
2200  0.000200
2205  0.000200
2210  0.000200
2215  0.000200
2220  0.000200
2225  0.000200
2230  0.000200
2235  0.000200
2240  0.000200
2245  0.000200
2250  0.000200
2255  0.000200
2260  0.000200
2265  0.000200
2270  0.000200
2275  0.000200
2280  0.000200
2285  0.000200
2290  0.000200
2295  0.000200
2300  0.000200
2305  0.000200
2310  0.000200
2315  0.000200
2320  0.000200
2325  0.000200
2330  0.000200
2335  0.000200
2340  0.000200
2345  0.000200
2350  0.000200
2355  0.000200
2360  0.000200
2365  0.000200
2370  0.000200
2375  0.000200
2380  0.000200
2385  0.000200
2390  0.000200
2395  0.000200
2400  0.000200
2405  0.000200
2410  0.000200
2415  0.000200
2420  0.000200
2425  0.000200
2430  0.000200
2435  0.000200
2440  0.000200
2445  0.000200
2450  0.000200
2455  0.000200
2460  0.000200
2465  0.000200
2470  0.000200
2475  0.000200
2480  0.000200
2485  0.000200
2490  0.000200
2495  0.000200
2500  0.000200
2505  0.000200
2510  0.000200
2515  0.000200
2520  0.000200
2525  0.000200
2530  0.000200
2535  0.000200
2540  0.000200
2545  0.000200
2550  0.000200
2555  0.000200
2560  0.000200
2565  0.000200
2570  0.000200
2575  0.000200
2580  0.000200
2585  0.000200
2590  0.000200
2595  0.000200
2600  0.000200
2605  0.000200
2610  0.000200
2615  0.000200
2620  0.000200
2625  0.000200
2630  0.000200
2635  0.000200
2640  0.000200
2645  0.000200
2650  0.000200
2655  0.000200
2660  0.000200
2665  0.000200
2670  0.000200
2675  0.000200
2680  0.000200
2685  0.000200
2690  0.000200
2695  0.000200
2700  0.000200
2705  0.000200
2710  0.000200
2715  0.000200
2720  0.000200
2725  0.000200
2730  0.000200
2735  0.000200
2740  0.000200
2745  0.000200
2750  0.000200
2755  0.000200
2760  0.000200
2765  0.000200
2770  0.000200
2775  0.000200
2780  0.000200
2785  0.000200
2790  0.000200
2795  0.000200
2800  0.000200
2805  0.000200
2810  0.000200
2815  0.000200
2820  0.000200
2825  0.000200
2830  0.000200
2835  0.000200
2840  0.000200
2845  0.000200
2850  0.000200
2855  0.000200
2860  0.000200
2865  0.000200
2870  0.000200
2875  0.000200
2880  0.000200
2885  0.000200
2890  0.000200
2895  0.000200
2900  0.000200
2905  0.000200
2910  0.000200
2915  0.000200
2920  0.000200
2925  0.000200
2930  0.000200
2935  0.000200
2940  0.000200
2945  0.000200
2950  0.000200
2955  0.000200
2960  0.000200
2965  0.000200
2970  0.000200
2975  0.000200
2980  0.000200
2985  0.000200
2990  0.000200
2995  0.000200
3000  0.000200
3005  0.000200
3010  0.000200
3015  0.000200
3020  0.000200
3025  0.000200
3030  0.000200
3035  0.000200
3040  0.000200
3045  0.000200
3050  0.000200
3055  0.000200
3060  0.000200
3065  0.000200
3070  0.000200
3075  0.000200
3080  0.000200
3085  0.000200
3090  0.000200
3095  0.000200
3100  0.000200
3105  0.000200
3110  0.000200
3115  0.000200
3120  0.000200
3125  0.000200
3130  0.000200
3135  0.000200
3140  0.000200
3145  0.000200
3150  0.000200
3155  0.000200
3160  0.000200
3165  0.000200
3170  0.000200
3175  0.000200
3180  0.000200
3185  0.000200
3190  0.000200
3195  0.000200
3200  0.000200
3205  0.000200
3210  0.000200
3215  0.000200
3220  0.000200
3225  0.000200
3230  0.000200
3235  0.000200
3240  0.000200
3245  0.000200
3250  0.000200
3255  0.000200
3260  0.000200
3265  0.000200
3270  0.000200
3275  0.000200
3280  0.000200
3285  0.000200
3290  0.000200
3295  0.000200
3300  0.000200
3305  0.000200
3310  0.000200
3315  0.000200
3320  0.000200
3325  0.000200
3330  0.000200
3335  0.000200
3340  0.000200
3345  0.000200
3350  0.000200
3355  0.000200
3360  0.000200
3365  0.000200
3370  0.000200
3375  0.000200
3380  0.000200
3385  0.000200
3390  0.000200
3395  0.000200
3400  0.000200
3405  0.000200
3410  0.000200
3415  0.000200
3420  0.000200
3425  0.000200
3430  0.000200
3435  0.000200
3440  0.000200
3445  0.000200
3450  0.000200
3455  0.000200
3460  0.000200
3465  0.000200
3470  0.000200
3475  0.000200
3480  0.000200
3485  0.000200
3490  0.000200
3495  0.000200
3500  0.000200
3505  0.000200
3510  0.000200
3515  0.000200
3520  0.000200
3525  0.000200
3530  0.000200
3535  0.000200
3540  0.000200
3545  0.000200
3550  0.000200
3555  0.000200
3560  0.000200
3565  0.000200
3570  0.000200
3575  0.000200
3580  0.000200
3585  0.000200
3590  0.000200
3595  0.000200
3600  0.000200
3605  0.000200
3610  0.000200
3615  0.000200
3620  0.000200
3625  0.000200
3630  0.000200
3635  0.000200
3640  0.000200
3645  0.000200
3650  0.000200
3655  0.000200
3660  0.000200
3665  0.000200
3670  0.000200
3675  0.000200
3680  0.000200
3685  0.000200
3690  0.000200
3695  0.000200
3700  0.000200
3705  0.000200
3710  0.000200
3715  0.000200
3720  0.000200
3725  0.000200
3730  0.000200
3735  0.000200
3740  0.000200
3745  0.000200
3750  0.000200
3755  0.000200
3760  0.000200
3765  0.000200
3770  0.000200
3775  0.000200
3780  0.000200
3785  0.000200
3790  0.000200
3795  0.000200
3800  0.000200
3805  0.000200
3810  0.000200
3815  0.000200
3820  0.000200
3825  0.000200
3830  0.000200
3835  0.000200
3840  0.000200
3845  0.000200
3850  0.000200
3855  0.000200
3860  0.000200
3865  0.000200
3870  0.000200
3875  0.000200
3880  0.000200
3885  0.000200
3890  0.000200
3895  0.000200
3900  0.000200
3905  0.000200
3910  0.000200
3915  0.000200
3920  0.000200
3925  0.000200
3930  0.000200
3935  0.000200
3940  0.000200
3945  0.000200
3950  0.000200
3955  0.000200
3960  0.000200
3965  0.000200
3970  0.000200
3975  0.000200
3980  0.000200
3985  0.000200
3990  0.000200
3995  0.000200
4000  0.000200
4005  0.000200
4010  0.000200
4015  0.000200
4020  0.000200
4025  0.000200
4030  0.000200
4035  0.000200
4040  0.000200
4045  0.000200
4050  0.000200
4055  0.000200
4060  0.000200
4065  0.000200
4070  0.000200
4075  0.000200
4080  0.000200
4085  0.000250
4090  0.000280
4095  0.000200
4100  0.000200
4105  0.000200
4110  0.000200
4115  0.000200
4120  0.000200
4125  0.000200
4130  0.000200
4135  0.000200
4140  0.000200
4145  0.000200
4150  0.000200
4155  0.000200
4160  0.000200
4165  0.000200
4170  0.000200
4175  0.000200
4180  0.000200
4185  0.000200
4190  0.000200
4195  0.000200
4200  0.000200
4205  0.000200
4210  0.000200
4215  0.000200
4220  0.000200
4225  0.000200
4230  0.000200
4235  0.000200
4240  0.000200
4245  0.000200
4250  0.000200
4255  0.000200
4260  0.000200
4265  0.000200
4270  0.000200
4275  0.000200
4280  0.000200
4285  0.000200
4290  0.000200
4295  0.000200
4300  0.000200
4305  0.000200
4310  0.000200
4315  0.000200
4320  0.000200
4325  0.000200
4330  0.000200
4335  0.000200
4340  0.000200
4345  0.000200
4350  0.000200
4355  0.000200
4360  0.000200
4365  0.000200
4370  0.000200
4375  0.000200
4380  0.000200
4385  0.000200
4390  0.000200
4395  0.000200
4400  0.000200
4405  0.000200
4410  0.000200
4415  0.000200
4420  0.000200
4425  0.000200
4430  0.000200
4435  0.000200
4440  0.000200
4445  0.000200
4450  0.000200
4455  0.000200
4460  0.000200
4465  0.000200
4470  0.000200
4475  0.000200
4480  0.000200
4485  0.000200
4490  0.000200
4495  0.000200
4500  0.000630
4505  0.000200
4510  0.000200
4515  0.000200
4520  0.000200
4525  0.000200
4530  0.000200
4535  0.000200
4540  0.000200
4545  0.000200
4550  0.000200
4555  0.000200
4560  0.000200
4565  0.000200
4570  0.000200
4575  0.000200
4580  0.000200
4585  0.000200
4590  0.000200
4595  0.000200
4600  0.000200
4605  0.000200
4610  0.000200
4615  0.000200
4620  0.000200
4625  0.000200
4630  0.000200
4635  0.000200
4640  0.000200
4645  0.000200
4650  0.000200
4655  0.000200
4660  0.000200
4665  0.000200
4670  0.000200
4675  0.000200
4680  0.000200
4685  0.000200
4690  0.000200
4695  0.000200
4700  0.000200
4705  0.000200
4710  0.000200
4715  0.000200
4720  0.000200
4725  0.000200
4730  0.000200
4735  0.000200
4740  0.000200
4745  0.000200
4750  0.000200
4755  0.000200
4760  0.000200
4765  0.000200
4770  0.000200
4775  0.000200
4780  0.000200
4785  0.000200
4790  0.000200
4795  0.000200
4800  0.000200
4805  0.000200
4810  0.000200
4815  0.000200
4820  0.000200
4825  0.000200
4830  0.000200
4835  0.000200
4840  0.000200
4845  0.000200
4850  0.000200
4855  0.000200
4860  0.000200
4865  0.000200
4870  0.000200
4875  0.000200
4880  0.000200
4885  0.000200
4890  0.000200
4895  0.000200
4900  0.000200
4905  0.000200
4910  0.000200
4915  0.000200
4920  0.000200
4925  0.000200
4930  0.000200
4935  0.000200
4940  0.000200
4945  0.000200
4950  0.000200
4955  0.000200
4960  0.000200
4965  0.000200
4970  0.000200
4975  0.000200
4980  0.000200
4985  0.000200
4990  0.000200
4995  0.000200
5000  0.000200
5005  0.000200
5010  0.000200
5015  0.000200
5020  0.000200
5025  0.000200
5030  0.000200
5035  0.000200
5040  0.000200
5045  0.000200
5050  0.000250
5055  0.000210
5060  0.000200
5065  0.000200
5070  0.000210
5075  0.000270
5080  0.000760
5085  0.000820
5090  0.000310
5095  0.000200
5100  0.000200
5105  0.000200
5110  0.000200
5115  0.000200
5120  0.000200
5125  0.000200
5130  0.000200
5135  0.000200
5140  0.000200
5145  0.000200
5150  0.000200
5155  0.000200
5160  0.000200
5165  0.000200
5170  0.000200
5175  0.000200
5180  0.000200
5185  0.000200
5190  0.000200
5195  0.000200
5200  0.000200
5205  0.000200
5210  0.000200
5215  0.000200
5220  0.000200
5225  0.000200
5230  0.000200
5235  0.000200
5240  0.000200
5245  0.000200
5250  0.000200
5255  0.000200
5260  0.000200
5265  0.000200
5270  0.000200
5275  0.000200
5280  0.000200
5285  0.000200
5290  0.000200
5295  0.000200
5300  0.000200
5305  0.000200
5310  0.000200
5315  0.000200
5320  0.000200
5325  0.000200
5330  0.000380
5335  0.000520
5340  0.000950
5345  0.001470
5350  0.002200
5355  0.001940
5360  0.002170
5365  0.001320
5370  0.000200
5375  0.000200
5380  0.000260
5385  0.000300
5390  0.000240
5395  0.000200
5400  0.000240
5405  0.000200
5410  0.000200
5415  0.000200
5420  0.000200
5425  0.000200
5430  0.000200
5435  0.000200
5440  0.000200
5445  0.000200
5450  0.000200
5455  0.000200
5460  0.000200
5465  0.000200
5470  0.000200
5475  0.000200
5480  0.000200
5485  0.000200
5490  0.000200
5495  0.000200
5500  0.000200
5505  0.000200
5510  0.000200
5515  0.000200
5520  0.000200
5525  0.000200
5530  0.000200
5535  0.000200
5540  0.000200
5545  0.000200
5550  0.000200
5555  0.000200
5560  0.000200
5565  0.000200
5570  0.000200
5575  0.000200
5580  0.000200
5585  0.000200
5590  0.000200
5595  0.000200
5600  0.000200
5605  0.000200
5610  0.000200
5615  0.000200
5620  0.000200
5625  0.000200
5630  0.000200
5635  0.000200
5640  0.000200
5645  0.000200
5650  0.000200
5655  0.000200
5660  0.000200
5665  0.000200
5670  0.000200
5675  0.000200
5680  0.000200
5685  0.000200
5690  0.000200
5695  0.000200
5700  0.000200
5705  0.000200
5710  0.000200
5715  0.000200
5720  0.000200
5725  0.000200
5730  0.000200
5735  0.000200
5740  0.000200
5745  0.000200
5750  0.000200
5755  0.000200
5760  0.000200
5765  0.000200
5770  0.001190
5775  0.001950
5780  0.001740
5785  0.001750
5790  0.001120
5795  0.000720
5800  0.000200
5805  0.000200
5810  0.000200
5815  0.000200
5820  0.000200
5825  0.000200
5830  0.000200
5835  0.000200
5840  0.000200
5845  0.000200
5850  0.000200
5855  0.000200
5860  0.000200
5865  0.000200
5870  0.000200
5875  0.000200
5880  0.000200
5885  0.000200
5890  0.000200
5895  0.000200
5900  0.000200
5905  0.000200
5910  0.000200
5915  0.000200
5920  0.000200
5925  0.000200
5930  0.000200
5935  0.000200
5940  0.000200
5945  0.000200
5950  0.000200
5955  0.000200
5960  0.000200
5965  0.000200
5970  0.000200
5975  0.000200
5980  0.000200
5985  0.000200
5990  0.000200
5995  0.000200
6000  0.000200
6005  0.000200
6010  0.000200
6015  0.000200
6020  0.000200
6025  0.000200
6030  0.000200
6035  0.000200
6040  0.000200
6045  0.000200
6050  0.000200
6055  0.000200
6060  0.000200
6065  0.000200
6070  0.000200
6075  0.000200
6080  0.000200
6085  0.000200
6090  0.000200
6095  0.000200
6100  0.000200
6105  0.000200
6110  0.000200
6115  0.000200
6120  0.000200
6125  0.000200
6130  0.000200
6135  0.000200
6140  0.000210
6145  0.000200
6150  0.000380
6155  0.000200
6160  0.000200
6165  0.000200
6170  0.000200
6175  0.000820
6180  0.001690
6185  0.003470
6190  0.004420
6195  0.004200
6200  0.004440
6205  0.004010
6210  0.004490
6215  0.004430
6220  0.004470
6225  0.004190
6230  0.005170
6235  0.006050
6240  0.006070
6245  0.005870
6250  0.005390
6255  0.005760
6260  0.005610
6265  0.005930
6270  0.006370
6275  0.007080
6280  0.007700
6285  0.007670
6290  0.007590
6295  0.006650
6300  0.006630
6305  0.006860
6310  0.007510
6315  0.007930
6320  0.007840
6325  0.008390
6330  0.008170
6335  0.008340
6340  0.008990
6345  0.010580
6350  0.011650
6355  0.011990
6360  0.012180
6365  0.011470
6370  0.010870
6375  0.009400
6380  0.009300
6385  0.009570
6390  0.010740
6395  0.012490
6400  0.013860
6405  0.014920
6410  0.015540
6415  0.016060
6420  0.016110
6425  0.015580
6430  0.015240
6435  0.015670
6440  0.015910
6445  0.015840
6450  0.016520
6455  0.016450
6460  0.016670
6465  0.017130
6470  0.017600
6475  0.018190
6480  0.017620
6485  0.018160
6490  0.018180
6495  0.018990
6500  0.019720
6505  0.021230
6510  0.022230
6515  0.023130
6520  0.023540
6525  0.023360
6530  0.022840
6535  0.022720
6540  0.022880
6545  0.023710
6550  0.025600
6555  0.027300
6560  0.027580
6565  0.028020
6570  0.028260
6575  0.027400
6580  0.026230
6585  0.026580
6590  0.026560
6595  0.026440
6600  0.026630
6605  0.027070
6610  0.026700
6615  0.025690
6620  0.026250
6625  0.026700
6630  0.026690
6635  0.027060
6640  0.028940
6645  0.029800
6650  0.029980
6655  0.030840
6660  0.031440
6665  0.031510
6670  0.032390
6675  0.033330
6680  0.033880
6685  0.034730
6690  0.035910
6695  0.037080
6700  0.037950
6705  0.038680
6710  0.039920
6715  0.040690
6720  0.041870
6725  0.043890
6730  0.045910
6735  0.047770
6740  0.050380
6745  0.053690
6750  0.057540
6755  0.063300
6760  0.071310
6765  0.081120
6770  0.093770
6775  0.111340
6780  0.136450
6785  0.168380
6790  0.209270
6795  0.262060
6800  0.331820
6805  0.421800
6810  0.532460
6815  0.671710
6820  0.849860
6825  1.068240
6830  1.330800
6835  1.650440
6840  2.037870
6845  2.491480
6850  3.012950
6855  3.622060
6860  4.334580
6865  5.138380
6870  6.026320
6875  7.010540
6880  8.106480
6885  9.303520
6890  10.597850
6895  11.994700
6900  13.504280
6905  15.105680
6910  16.802830
6915  18.599861
6920  20.483290
6925  22.433849
6930  24.446949
6935  26.529631
6940  28.678349
6945  30.847740
6950  33.035179
6955  35.235043
6960  37.439690
6965  39.639950
6970  41.841240
6975  44.030468
6980  46.191090
6985  48.357220
6990  50.506752
6995  52.602268
7000  54.613758
7005  56.570202
7010  58.487778
7015  60.338158
7020  62.127483
7025  63.867229
7030  65.542587
7035  67.133644
7040  68.644791
7045  70.090378
7050  71.453575
7055  72.765251
7060  74.015892
7065  75.206383
7070  76.319672
7075  77.366898
7080  78.334152
7085  79.230560
7090  80.070709
7095  80.869881
7100  81.612991
7105  82.284309
7110  82.904114
7115  83.481003
7120  84.005241
7125  84.481819
7130  84.914581
7135  85.319389
7140  85.694435
7145  86.028244
7150  86.326111
7155  86.609802
7160  86.872047
7165  87.113022
7170  87.338295
7175  87.531578
7180  87.703903
7185  87.857712
7190  87.998528
7195  88.141212
7200  88.281860
7205  88.435623
7210  88.606453
7215  88.777794
7220  88.943062
7225  89.117714
7230  89.280602
7235  89.438538
7240  89.602730
7245  89.771507
7250  89.949699
7255  90.144409
7260  90.361572
7265  90.598175
7270  90.823944
7275  91.050575
7280  91.280022
7285  91.508278
7290  91.745224
7295  91.997925
7300  92.243073
7305  92.495857
7310  92.755737
7315  93.019562
7320  93.258606
7325  93.485161
7330  93.717712
7335  93.960861
7340  94.207504
7345  94.449226
7350  94.679932
7355  94.901009
7360  95.119736
7365  95.325645
7370  95.502022
7375  95.657402
7380  95.808754
7385  95.947189
7390  96.068459
7395  96.176041
7400  96.277924
7405  96.352798
7410  96.418633
7415  96.475914
7420  96.512939
7425  96.533295
7430  96.545265
7435  96.543343
7440  96.526947
7445  96.497009
7450  96.470451
7455  96.426674
7460  96.363640
7465  96.284653
7470  96.213570
7475  96.137230
7480  96.054779
7485  95.972931
7490  95.879417
7495  95.773979
7500  95.663269
7505  95.548615
7510  95.425392
7515  95.305168
7520  95.192688
7525  95.116982
7530  95.031113
7535  94.952759
7540  94.883224
7545  94.817360
7550  94.744865
7555  94.673378
7560  94.603630
7565  94.534615
7570  94.479507
7575  94.455818
7580  94.453323
7585  94.461288
7590  94.468307
7595  94.486183
7600  94.479942
7605  94.477310
7610  94.490402
7615  94.520721
7620  94.573990
7625  94.648743
7630  94.722458
7635  94.784531
7640  94.839561
7645  94.894531
7650  94.946716
7655  95.004807
7660  95.075134
7665  95.144615
7670  95.213959
7675  95.283417
7680  95.354317
7685  95.430428
7690  95.512512
7695  95.594666
7700  95.663116
7705  95.735321
7710  95.792755
7715  95.844162
7720  95.879501
7725  95.918221
7730  95.959213
7735  95.994606
7740  96.023071
7745  96.038475
7750  96.055611
7755  96.084282
7760  96.111061
7765  96.136139
7770  96.148079
7775  96.166138
7780  96.177177
7785  96.184029
7790  96.182228
7795  96.193085
7800  96.198318
7805  96.202835
7810  96.218880
7815  96.227470
7820  96.240730
7825  96.247856
7830  96.258095
7835  96.279022
7840  96.296577
7845  96.308411
7850  96.323654
7855  96.329109
7860  96.346031
7865  96.385979
7870  96.429962
7875  96.469978
7880  96.527893
7885  96.584930
7890  96.646278
7895  96.690407
7900  96.730270
7905  96.765320
7910  96.803329
7915  96.860298
7920  96.912155
7925  96.968040
7930  97.033974
7935  97.105774
7940  97.166519
7945  97.209641
7950  97.238708
7955  97.263924
7960  97.295021
7965  97.322586
7970  97.348145
7975  97.373672
7980  97.390358
7985  97.401451
7990  97.374603
7995  97.361031
8000  97.327454
8005  97.306595
8010  97.279671
8015  97.251060
8020  97.171638
8025  97.075745
8030  96.978371
8035  96.850372
8040  96.703766
8045  96.567146
8050  96.426590
8055  96.265633
8060  96.095284
8065  95.917221
8070  95.709312
8075  95.494064
8080  95.277069
8085  95.073936
8090  94.859627
8095  94.636208
8100  94.429169
8105  94.206146
8110  93.993660
8115  93.804131
8120  93.614578
8125  93.415115
8130  93.216225
8135  93.008850
8140  92.804802
8145  92.595764
8150  92.394920
8155  92.210976
8160  92.058098
8165  91.940811
8170  91.846756
8175  91.763031
8180  91.696350
8185  91.635948
8190  91.566978
8195  91.498085
8200  91.424850
8205  91.337051
8210  91.240654
8215  91.107452
8220  90.936928
8225  90.709160
8230  90.428490
8235  90.054688
8240  89.559708
8245  88.936150
8250  88.174095
8255  87.227455
8260  86.052544
8265  84.653198
8270  83.032402
8275  81.138329
8280  78.942619
8285  76.460777
8290  73.717567
8295  70.694031
8300  67.421906
8305  63.960438
8310  60.382713
8315  56.730068
8320  53.028603
8325  49.313591
8330  45.628590
8335  42.016228
8340  38.532990
8345  35.214279
8350  32.057770
8355  29.094719
8360  26.362129
8365  23.852400
8370  21.518560
8375  19.368370
8380  17.409750
8385  15.649650
8390  14.064699
8395  12.646180
8400  11.387310
8405  10.259090
8410  9.236919
8415  8.322900
8420  7.515210
8425  6.793440
8430  6.137390
8435  5.550900
8440  5.033310
8445  4.551450
8450  4.176940
8455  3.829570
8460  3.482070
8465  3.121390
8470  2.734260
8475  2.351910
8480  1.993680
8485  1.673900
8490  1.409720
8495  1.220890
8500  1.101130
8505  1.033200
8510  0.961450
8515  0.838910
8520  0.756470
8525  0.675850
8530  0.609710
8535  0.549180
8540  0.487760
8545  0.426970
8550  0.390960
8555  0.362620
8560  0.339110
8565  0.309690
8570  0.273540
8575  0.252130
8580  0.223670
8585  0.199610
8590  0.170180
8595  0.138530
8600  0.115270
8605  0.097840
8610  0.090570
8615  0.066660
8620  0.056100
8625  0.041950
8630  0.039400
8635  0.032760
8640  0.008410
8645  0.000200
8650  0.000200
8655  0.000200
8660  0.000200
8665  0.000200
8670  0.000200
8675  0.000200
8680  0.000200
8685  0.000200
8690  0.000200
8695  0.000200
8700  0.000200
8705  0.000200
8710  0.000200
8715  0.000200
8720  0.000200
8725  0.000200
8730  0.000200
8735  0.000200
8740  0.000200
8745  0.000200
8750  0.000200
8755  0.000200
8760  0.000200
8765  0.000200
8770  0.000200
8775  0.000200
8780  0.000200
8785  0.000200
8790  0.000200
8795  0.000200
8800  0.000200
8805  0.000200
8810  0.000200
8815  0.000200
8820  0.000200
8825  0.000200
8830  0.000200
8835  0.000200
8840  0.000200
8845  0.000200
8850  0.000200
8855  0.000200
8860  0.000200
8865  0.000200
8870  0.000200
8875  0.000200
8880  0.000200
8885  0.000200
8890  0.000200
8895  0.000200
8900  0.000200
8905  0.000200
8910  0.000200
8915  0.000200
8920  0.000200
8925  0.000200
8930  0.000200
8935  0.000200
8940  0.000200
8945  0.000200
8950  0.000200
8955  0.000200
8960  0.000200
8965  0.000200
8970  0.000200
8975  0.000200
8980  0.000200
8985  0.000200
8990  0.000200
8995  0.000200
9000  0.000200
9005  0.000200
9010  0.000200
9015  0.000200
9020  0.000200
9025  0.000200
9030  0.000200
9035  0.000200
9040  0.000200
9045  0.000200
9050  0.000200
9055  0.000200
9060  0.000200
9065  0.000200
9070  0.000200
9075  0.000200
9080  0.000200
9085  0.000200
9090  0.000200
9095  0.000200
9100  0.000200
9105  0.000200
9110  0.000200
9115  0.000200
9120  0.000200
9125  0.000200
9130  0.000200
9135  0.000200
9140  0.000200
9145  0.000200
9150  0.000200
9155  0.000200
9160  0.000200
9165  0.000200
9170  0.000200
9175  0.000200
9180  0.000200
9185  0.000200
9190  0.000200
9195  0.000200
9200  0.000200
9205  0.000200
9210  0.000200
9215  0.000200
9220  0.000200
9225  0.000200
9230  0.000200
9235  0.000200
9240  0.000200
9245  0.000200
9250  0.000200
9255  0.000200
9260  0.000200
9265  0.000200
9270  0.000200
9275  0.000200
9280  0.000200
9285  0.000200
9290  0.000200
9295  0.000200
9300  0.000200
9305  0.000200
9310  0.000200
9315  0.000200
9320  0.000200
9325  0.000200
9330  0.000200
9335  0.000200
9340  0.000200
9345  0.000200
9350  0.000200
9355  0.000200
9360  0.000200
9365  0.000200
9370  0.000200
9375  0.000200
9380  0.000200
9385  0.000200
9390  0.000200
9395  0.000200
9400  0.000200
9405  0.000200
9410  0.000200
9415  0.000200
9420  0.000200
9425  0.000200
9430  0.000200
9435  0.000200
9440  0.000200
9445  0.000200
9450  0.000200
9455  0.000200
9460  0.000200
9465  0.000200
9470  0.000200
9475  0.000200
9480  0.000200
9485  0.000200
9490  0.000200
9495  0.000200
9500  0.000200
9505  0.000200
9510  0.000200
9515  0.000200
9520  0.000200
9525  0.000200
9530  0.000200
9535  0.000200
9540  0.000200
9545  0.000200
9550  0.000200
9555  0.000200
9560  0.000200
9565  0.000200
9570  0.000200
9575  0.000200
9580  0.000200
9585  0.000200
9590  0.000200
9595  0.000200
9600  0.000200
9605  0.000200
9610  0.000200
9615  0.000200
9620  0.000200
9625  0.000200
9630  0.000200
9635  0.000200
9640  0.000200
9645  0.000200
9650  0.000200
9655  0.000200
9660  0.000200
9665  0.000200
9670  0.000200
9675  0.000200
9680  0.000200
9685  0.000200
9690  0.000200
9695  0.000200
9700  0.000200
9705  0.000200
9710  0.000200
9715  0.000200
9720  0.000200
9725  0.000200
9730  0.000200
9735  0.000200
9740  0.000200
9745  0.000200
9750  0.000200
9755  0.000200
9760  0.000200
9765  0.000200
9770  0.000200
9775  0.000200
9780  0.000200
9785  0.000200
9790  0.000200
9795  0.000200
9800  0.000200
9805  0.000200
9810  0.000200
9815  0.000200
9820  0.000200
9825  0.000200
9830  0.000200
9835  0.000200
9840  0.000200
9845  0.000200
9850  0.000200
9855  0.000200
9860  0.000200
9865  0.000200
9870  0.000200
9875  0.000200
9880  0.000200
9885  0.000200
9890  0.000200
9895  0.000200
9900  0.000200
9905  0.000200
9910  0.000200
9915  0.000200
9920  0.000200
9925  0.000200
9930  0.000200
9935  0.000200
9940  0.000200
9945  0.000200
9950  0.000200
9955  0.000200
9960  0.000200
9965  0.000200
9970  0.000200
9975  0.000200
9980  0.000200
9985  0.000200
9990  0.000200
9995  0.000200
10000  0.000200
10005  0.000200
10010  0.000200
10015  0.000200
10020  0.000200
10025  0.000200
10030  0.000200
10035  0.000200
10040  0.000200
10045  0.000200
10050  0.000200
10055  0.000200
10060  0.000200
10065  0.000200
10070  0.000200
10075  0.000200
10080  0.000200
10085  0.000200
10090  0.000200
10095  0.000200
10100  0.000200
10105  0.000200
10110  0.000200
10115  0.000200
10120  0.000200
10125  0.000200
10130  0.000200
10135  0.000200
10140  0.000200
10145  0.000200
10150  0.000200
10155  0.000200
10160  0.000200
10165  0.000200
10170  0.000200
10175  0.000200
10180  0.000200
10185  0.000200
10190  0.000200
10195  0.000200
10200  0.000200
10205  0.000200
10210  0.000200
10215  0.000200
10220  0.000200
10225  0.000200
10230  0.000200
10235  0.000200
10240  0.000200
10245  0.000200
10250  0.000200
10255  0.000200
10260  0.000200
10265  0.000200
10270  0.000200
10275  0.000200
10280  0.000200
10285  0.000200
10290  0.000200
10295  0.000200
10300  0.000200
10305  0.000200
10310  0.000200
10315  0.000200
10320  0.000200
10325  0.000200
10330  0.000200
10335  0.000200
10340  0.000200
10345  0.000200
10350  0.000200
10355  0.000200
10360  0.000200
10365  0.000200
10370  0.000200
10375  0.000200
10380  0.000200
10385  0.000200
10390  0.000200
10395  0.000200
10400  0.000200
10405  0.000200
10410  0.000200
10415  0.000200
10420  0.000200
10425  0.000200
10430  0.000200
10435  0.000200
10440  0.000200
10445  0.000200
10450  0.000200
10455  0.000200
10460  0.000200
10465  0.000200
10470  0.000200
10475  0.000200
10480  0.000200
10485  0.000200
10490  0.000200
10495  0.000200
10500  0.000200
10505  0.000200
10510  0.000200
10515  0.000200
10520  0.000200
10525  0.000200
10530  0.000200
10535  0.000200
10540  0.000200
10545  0.000200
10550  0.000200
10555  0.000200
10560  0.000200
10565  0.000200
10570  0.000200
10575  0.000200
10580  0.000200
10585  0.000200
10590  0.000200
10595  0.000200
10600  0.000200
10605  0.000200
10610  0.000200
10615  0.000200
10620  0.000200
10625  0.000200
10630  0.000200
10635  0.000200
10640  0.000200
10645  0.000200
10650  0.000200
10655  0.000200
10660  0.000200
10665  0.000200
10670  0.000200
10675  0.000200
10680  0.000200
10685  0.000200
10690  0.000200
10695  0.000200
10700  0.000200
10705  0.000200
10710  0.000200
10715  0.000200
10720  0.000200
10725  0.000200
10730  0.000200
10735  0.000200
10740  0.000200
10745  0.000200
10750  0.000200
10755  0.000200
10760  0.000200
10765  0.000200
10770  0.000200
10775  0.000200
10780  0.000200
10785  0.000200
10790  0.000200
10795  0.000200
10800  0.000200
10805  0.000200
10810  0.000200
10815  0.000200
10820  0.000200
10825  0.000200
10830  0.000200
10835  0.000200
10840  0.000200
10845  0.000200
10850  0.000200
10855  0.000200
10860  0.000200
10865  0.000200
10870  0.000200
10875  0.000200
10880  0.000200
10885  0.000200
10890  0.000200
10895  0.000200
10900  0.000200
10905  0.000200
10910  0.000200
10915  0.000200
10920  0.000200
10925  0.000200
10930  0.000200
10935  0.000200
10940  0.000200
10945  0.000200
10950  0.000200
10955  0.000200
10960  0.000200
10965  0.000200
10970  0.000200
10975  0.000200
10980  0.000200
10985  0.000200
10990  0.000200
10995  0.000200
11000  0.000200
11005  0.000200
11010  0.000200
11015  0.000200
11020  0.000200
11025  0.000200
11030  0.000200
11035  0.000200
11040  0.000200
11045  0.000200
11050  0.000200
11055  0.000200
11060  0.000200
11065  0.000200
11070  0.000200
11075  0.000200
11080  0.000200
11085  0.000200
11090  0.000200
11095  0.000200
11100  0.000200
11105  0.000200
11110  0.000200
11115  0.000200
11120  0.000200
11125  0.000200
11130  0.000200
11135  0.000200
11140  0.000200
11145  0.000200
11150  0.000200
11155  0.000200
11160  0.000200
11165  0.000200
11170  0.000200
11175  0.000200
11180  0.000200
11185  0.000200
11190  0.000200
11195  0.000200
11200  0.000200
11205  0.000200
11210  0.000200
11215  0.000200
11220  0.000200
11225  0.000200
11230  0.000200
11235  0.000200
11240  0.000200
11245  0.007380
11250  0.003820
11255  0.005890
11260  0.007490
11265  0.020060
11270  0.053600
11275  0.074230
11280  0.099640
11285  0.121550
11290  0.127000
11295  0.144350
11300  0.157110
11305  0.164240
11310  0.186790
11315  0.206940
11320  0.239730
11325  0.275280
11330  0.302190
11335  0.332870
11340  0.376300
11345  0.413520
11350  0.460540
11355  0.512680
11360  0.570400
11365  0.612650
11370  0.677990
11375  0.750030
11380  0.838810
11385  0.928830
11390  1.045560
11395  1.166180
11400  1.308650
11405  1.468050
11410  1.641240
11415  1.832940
11420  2.061500
11425  2.335360
11430  2.675500
11435  3.060940
11440  3.518730
11445  4.052460
11450  4.698330
11455  5.465350
11460  6.410190
11465  7.587610
11470  9.044169
11475  10.818350
11480  13.025440
11485  15.829950
11490  19.542000
11495  24.506681
11500  31.104931
11505  39.671371
11510  49.819000
11515  60.756332
11520  71.117783
11525  79.249016
11530  83.833359
11535  84.188995
11540  80.460159
11545  73.538940
11550  64.796295
11555  55.627857
11560  47.160320
11565  39.906269
11570  33.936951
11575  29.212919
11580  25.367392
11585  22.261509
11590  19.750010
11595  17.698950
11600  16.031160
11605  14.639060
11610  13.465441
11615  12.489070
11620  11.644530
11625  10.899859
11630  10.249870
11635  9.663100
11640  9.136001
11645  8.674109
11650  8.279380
11655  7.935540
11660  7.623860
11665  7.345380
11670  7.101520
11675  6.882350
11680  6.695110
11685  6.530580
11690  6.383270
11695  6.242840
11700  6.135480
11705  6.034770
11710  5.931600
11715  5.841760
11720  5.764560
11725  5.705110
11730  5.658790
11735  5.621610
11740  5.588780
11745  5.561630
11750  5.554350
11755  5.552370
11760  5.557160
11765  5.553540
11770  5.569090
11775  5.593390
11780  5.616000
11785  5.660150
11790  5.712910
11795  5.767150
11800  5.829650
11805  5.899230
11810  5.958460
11815  6.017710
11820  6.087920
11825  6.182720
11830  6.276850
11835  6.388430
11840  6.516740
11845  6.651040
11850  6.783510
11855  6.921480
11860  7.068210
11865  7.217340
11870  7.385430
11875  7.576950
11880  7.772960
11885  7.975350
11890  8.196820
11895  8.433080
11900  8.674980
11905  8.941300
11910  9.224810
11915  9.535200
11920  9.875290
11925  10.228320
11930  10.616510
11935  11.002970
11940  11.413130
11945  11.847950
11950  12.308510
11955  12.794159
11960  13.325890
11965  13.868629
11970  14.464360
11975  15.168320
11980  15.948020
11985  16.746920
11990  17.486040
11995  18.083420
12000  18.522141
