2000  0.000200
2005  0.000200
2010  0.000200
2015  0.000200
2020  0.000200
2025  0.000200
2030  0.000200
2035  0.000200
2040  0.000200
2045  0.000200
2050  0.000200
2055  0.000200
2060  0.000200
2065  0.000200
2070  0.000200
2075  0.000200
2080  0.000200
2085  0.000200
2090  0.000200
2095  0.000200
2100  0.000200
2105  0.000200
2110  0.000200
2115  0.000200
2120  0.000200
2125  0.000200
2130  0.000200
2135  0.000200
2140  0.000200
2145  0.000200
2150  0.000200
2155  0.000200
2160  0.000200
2165  0.000200
2170  0.000200
2175  0.000200
2180  0.000200
2185  0.000200
2190  0.000200
2195  0.000200
2200  0.000200
2205  0.000200
2210  0.000200
2215  0.000200
2220  0.000200
2225  0.000200
2230  0.000200
2235  0.000200
2240  0.000200
2245  0.000200
2250  0.000200
2255  0.000200
2260  0.000200
2265  0.000200
2270  0.000200
2275  0.000200
2280  0.000200
2285  0.000200
2290  0.000200
2295  0.000200
2300  0.000200
2305  0.000200
2310  0.000200
2315  0.000200
2320  0.000200
2325  0.000200
2330  0.000200
2335  0.000200
2340  0.000200
2345  0.000200
2350  0.000200
2355  0.000200
2360  0.000200
2365  0.000200
2370  0.000200
2375  0.000200
2380  0.000200
2385  0.000200
2390  0.000200
2395  0.000200
2400  0.000200
2405  0.000200
2410  0.000200
2415  0.000200
2420  0.000200
2425  0.000200
2430  0.000200
2435  0.000200
2440  0.000200
2445  0.000200
2450  0.000200
2455  0.000200
2460  0.000200
2465  0.000200
2470  0.000200
2475  0.000200
2480  0.000200
2485  0.000200
2490  0.000200
2495  0.000200
2500  0.000200
2505  0.000200
2510  0.000200
2515  0.000200
2520  0.000200
2525  0.000200
2530  0.000200
2535  0.000200
2540  0.000200
2545  0.000200
2550  0.000200
2555  0.000200
2560  0.000200
2565  0.000200
2570  0.000200
2575  0.000200
2580  0.000200
2585  0.000200
2590  0.000200
2595  0.000200
2600  0.000200
2605  0.000200
2610  0.000200
2615  0.000200
2620  0.000200
2625  0.000200
2630  0.000200
2635  0.000200
2640  0.000200
2645  0.000200
2650  0.000200
2655  0.000200
2660  0.000200
2665  0.000200
2670  0.000200
2675  0.000200
2680  0.000200
2685  0.000200
2690  0.000200
2695  0.000200
2700  0.000200
2705  0.000200
2710  0.000200
2715  0.000200
2720  0.000200
2725  0.000200
2730  0.000200
2735  0.000200
2740  0.000200
2745  0.000200
2750  0.000200
2755  0.000200
2760  0.000200
2765  0.000200
2770  0.000200
2775  0.000200
2780  0.000200
2785  0.000200
2790  0.000200
2795  0.000200
2800  0.000200
2805  0.000200
2810  0.000200
2815  0.000200
2820  0.000200
2825  0.000200
2830  0.000200
2835  0.000200
2840  0.000200
2845  0.000200
2850  0.000200
2855  0.000200
2860  0.000200
2865  0.000200
2870  0.000200
2875  0.000200
2880  0.000200
2885  0.000200
2890  0.000200
2895  0.000200
2900  0.000200
2905  0.000200
2910  0.000200
2915  0.000200
2920  0.000200
2925  0.000200
2930  0.000200
2935  0.000200
2940  0.000200
2945  0.000200
2950  0.000200
2955  0.000200
2960  0.000200
2965  0.000200
2970  0.000200
2975  0.000200
2980  0.000200
2985  0.000200
2990  0.000200
2995  0.000200
3000  0.000200
3005  0.000200
3010  0.000200
3015  0.000200
3020  0.000200
3025  0.000200
3030  0.000200
3035  0.000200
3040  0.000200
3045  0.000200
3050  0.000200
3055  0.000200
3060  0.000200
3065  0.000200
3070  0.000200
3075  0.000200
3080  0.000200
3085  0.000200
3090  0.000200
3095  0.000200
3100  0.000200
3105  0.000200
3110  0.000200
3115  0.000200
3120  0.000200
3125  0.000200
3130  0.000200
3135  0.000200
3140  0.000200
3145  0.000200
3150  0.000200
3155  0.000200
3160  0.000200
3165  0.000200
3170  0.000200
3175  0.000200
3180  0.000200
3185  0.000200
3190  0.000200
3195  0.000200
3200  0.000200
3205  0.000200
3210  0.000200
3215  0.000200
3220  0.000200
3225  0.000200
3230  0.000200
3235  0.000200
3240  0.000200
3245  0.000200
3250  0.000200
3255  0.000200
3260  0.000200
3265  0.000200
3270  0.000200
3275  0.000200
3280  0.000200
3285  0.000200
3290  0.000200
3295  0.000200
3300  0.000200
3305  0.000200
3310  0.000200
3315  0.000200
3320  0.000200
3325  0.000200
3330  0.000200
3335  0.000200
3340  0.000200
3345  0.000200
3350  0.000200
3355  0.000200
3360  0.000200
3365  0.000200
3370  0.000200
3375  0.000200
3380  0.000200
3385  0.000200
3390  0.000200
3395  0.000200
3400  0.000200
3405  0.000200
3410  0.000200
3415  0.000200
3420  0.000200
3425  0.000200
3430  0.000200
3435  0.000200
3440  0.000200
3445  0.000200
3450  0.000200
3455  0.000200
3460  0.000200
3465  0.000200
3470  0.000200
3475  0.000200
3480  0.000200
3485  0.000200
3490  0.000200
3495  0.000200
3500  0.000200
3505  0.000200
3510  0.000200
3515  0.000200
3520  0.000200
3525  0.000200
3530  0.000200
3535  0.000200
3540  0.000200
3545  0.000200
3550  0.000200
3555  0.000200
3560  0.000200
3565  0.000200
3570  0.000200
3575  0.000200
3580  0.000200
3585  0.000200
3590  0.000200
3595  0.000200
3600  0.000200
3605  0.000200
3610  0.000200
3615  0.000200
3620  0.000200
3625  0.000200
3630  0.000200
3635  0.000200
3640  0.000200
3645  0.000200
3650  0.000200
3655  0.000200
3660  0.000200
3665  0.000200
3670  0.000200
3675  0.000200
3680  0.000200
3685  0.000200
3690  0.000200
3695  0.000200
3700  0.000200
3705  0.000200
3710  0.000200
3715  0.000200
3720  0.000200
3725  0.000200
3730  0.000200
3735  0.000200
3740  0.000200
3745  0.000200
3750  0.000200
3755  0.000200
3760  0.000200
3765  0.000200
3770  0.000200
3775  0.000200
3780  0.000200
3785  0.000200
3790  0.000200
3795  0.000200
3800  0.000200
3805  0.000200
3810  0.000200
3815  0.000200
3820  0.000200
3825  0.000200
3830  0.000200
3835  0.000200
3840  0.000200
3845  0.000200
3850  0.000200
3855  0.000200
3860  0.000200
3865  0.000200
3870  0.000200
3875  0.000200
3880  0.000200
3885  0.000200
3890  0.000200
3895  0.000200
3900  0.000200
3905  0.000200
3910  0.000200
3915  0.000200
3920  0.000200
3925  0.000200
3930  0.000200
3935  0.000200
3940  0.000200
3945  0.000200
3950  0.000200
3955  0.000200
3960  0.000200
3965  0.000200
3970  0.000200
3975  0.000200
3980  0.000200
3985  0.000200
3990  0.000200
3995  0.000200
4000  0.000200
4005  0.000200
4010  0.000200
4015  0.000400
4020  0.000430
4025  0.000640
4030  0.000200
4035  0.000200
4040  0.000200
4045  0.000200
4050  0.000200
4055  0.000200
4060  0.000200
4065  0.000200
4070  0.000200
4075  0.000200
4080  0.000200
4085  0.000200
4090  0.000200
4095  0.000200
4100  0.000200
4105  0.000200
4110  0.000200
4115  0.000200
4120  0.000200
4125  0.000200
4130  0.000200
4135  0.000200
4140  0.000200
4145  0.000200
4150  0.000200
4155  0.000200
4160  0.000200
4165  0.000200
4170  0.000200
4175  0.000200
4180  0.000200
4185  0.000200
4190  0.000380
4195  0.000250
4200  0.000870
4205  0.000880
4210  0.000280
4215  0.000490
4220  0.000550
4225  0.000200
4230  0.000200
4235  0.000200
4240  0.000200
4245  0.000200
4250  0.000200
4255  0.000200
4260  0.000460
4265  0.000620
4270  0.000760
4275  0.000390
4280  0.000200
4285  0.000200
4290  0.000200
4295  0.000200
4300  0.000200
4305  0.000200
4310  0.000200
4315  0.000200
4320  0.000200
4325  0.000200
4330  0.000200
4335  0.000200
4340  0.000200
4345  0.000200
4350  0.000200
4355  0.000200
4360  0.000200
4365  0.000200
4370  0.000200
4375  0.000200
4380  0.000200
4385  0.000200
4390  0.000200
4395  0.000200
4400  0.000200
4405  0.000200
4410  0.000200
4415  0.000200
4420  0.000200
4425  0.000200
4430  0.000200
4435  0.000200
4440  0.000200
4445  0.000200
4450  0.000200
4455  0.000200
4460  0.000200
4465  0.000200
4470  0.000200
4475  0.000200
4480  0.000200
4485  0.000200
4490  0.000200
4495  0.000200
4500  0.000200
4505  0.000200
4510  0.000200
4515  0.000200
4520  0.000200
4525  0.000200
4530  0.000200
4535  0.000200
4540  0.000200
4545  0.000200
4550  0.000200
4555  0.000200
4560  0.000200
4565  0.000200
4570  0.000200
4575  0.000200
4580  0.000200
4585  0.000200
4590  0.000200
4595  0.000200
4600  0.000200
4605  0.000200
4610  0.000200
4615  0.000200
4620  0.000200
4625  0.000200
4630  0.000200
4635  0.000200
4640  0.000200
4645  0.000200
4650  0.000200
4655  0.000200
4660  0.000200
4665  0.000200
4670  0.000200
4675  0.000200
4680  0.000200
4685  0.000200
4690  0.000200
4695  0.000200
4700  0.000200
4705  0.000200
4710  0.000200
4715  0.000200
4720  0.000200
4725  0.000200
4730  0.000200
4735  0.000200
4740  0.000200
4745  0.000200
4750  0.000200
4755  0.000200
4760  0.000200
4765  0.000200
4770  0.000200
4775  0.000200
4780  0.000200
4785  0.000200
4790  0.000200
4795  0.000200
4800  0.000200
4805  0.000200
4810  0.000200
4815  0.000200
4820  0.000200
4825  0.000200
4830  0.000200
4835  0.000200
4840  0.000200
4845  0.000200
4850  0.000200
4855  0.000200
4860  0.000200
4865  0.000200
4870  0.000200
4875  0.000200
4880  0.000200
4885  0.000200
4890  0.000200
4895  0.000200
4900  0.000580
4905  0.001170
4910  0.000870
4915  0.000710
4920  0.000580
4925  0.000320
4930  0.000200
4935  0.000200
4940  0.000200
4945  0.000200
4950  0.000200
4955  0.000200
4960  0.000200
4965  0.000200
4970  0.000200
4975  0.000200
4980  0.000340
4985  0.000580
4990  0.000780
4995  0.000200
5000  0.000200
5005  0.000200
5010  0.000200
5015  0.000200
5020  0.000200
5025  0.000200
5030  0.000200
5035  0.000200
5040  0.000200
5045  0.000200
5050  0.000200
5055  0.000200
5060  0.000200
5065  0.000200
5070  0.000200
5075  0.000200
5080  0.000200
5085  0.000200
5090  0.000650
5095  0.001070
5100  0.002080
5105  0.001890
5110  0.002210
5115  0.002650
5120  0.003710
5125  0.004220
5130  0.005200
5135  0.006810
5140  0.008240
5145  0.009570
5150  0.010450
5155  0.011240
5160  0.011470
5165  0.010950
5170  0.012010
5175  0.012630
5180  0.013500
5185  0.015270
5190  0.017040
5195  0.018210
5200  0.018840
5205  0.020110
5210  0.022070
5215  0.024540
5220  0.026870
5225  0.028320
5230  0.029420
5235  0.029670
5240  0.030570
5245  0.031240
5250  0.031680
5255  0.032960
5260  0.035430
5265  0.037880
5270  0.040020
5275  0.041850
5280  0.042640
5285  0.044210
5290  0.045950
5295  0.047030
5300  0.048110
5305  0.049730
5310  0.051470
5315  0.053530
5320  0.055910
5325  0.057250
5330  0.059470
5335  0.061060
5340  0.062460
5345  0.063920
5350  0.065100
5355  0.066870
5360  0.068950
5365  0.071110
5370  0.075250
5375  0.080400
5380  0.086000
5385  0.090750
5390  0.098000
5395  0.108400
5400  0.124870
5405  0.148230
5410  0.183610
5415  0.240100
5420  0.322960
5425  0.435280
5430  0.590760
5435  0.807250
5440  1.090540
5445  1.453230
5450  1.920430
5455  2.515070
5460  3.238750
5465  4.093420
5470  5.112650
5475  6.325090
5480  7.710360
5485  9.248580
5490  10.963710
5495  12.861959
5500  14.916690
5505  17.092251
5510  19.381380
5515  21.781570
5520  24.258659
5525  26.810259
5530  29.419390
5535  32.071770
5540  34.739349
5545  37.426559
5550  40.120560
5555  42.788269
5560  45.400600
5565  47.960209
5570  50.459690
5575  52.868526
5580  55.177181
5585  57.378300
5590  59.446301
5595  61.381268
5600  63.190418
5605  64.901543
5610  66.495171
5615  67.957039
5620  69.308563
5625  70.565399
5630  71.721321
5635  72.790123
5640  73.779305
5645  74.718040
5650  75.620003
5655  76.474129
5660  77.290482
5665  78.062614
5670  78.816132
5675  79.541954
5680  80.255814
5685  80.967682
5690  81.684296
5695  82.384201
5700  83.069191
5705  83.753754
5710  84.427025
5715  85.084877
5720  85.712303
5725  86.302742
5730  86.854706
5735  87.357430
5740  87.834961
5745  88.270340
5750  88.668076
5755  89.022797
5760  89.347855
5765  89.637039
5770  89.896042
5775  90.114685
5780  90.300041
5785  90.478218
5790  90.641129
5795  90.803322
5800  90.946259
5805  91.078384
5810  91.210381
5815  91.346291
5820  91.495583
5825  91.644356
5830  91.809647
5835  91.977463
5840  92.162689
5845  92.351822
5850  92.539238
5855  92.734871
5860  92.908104
5865  93.074409
5870  93.231247
5875  93.383156
5880  93.538872
5885  93.671791
5890  93.807510
5895  93.922783
5900  94.010933
5905  94.081490
5910  94.121559
5915  94.142403
5920  94.154152
5925  94.167793
5930  94.161743
5935  94.156715
5940  94.136261
5945  94.108681
5950  94.084503
5955  94.055527
5960  94.059464
5965  94.094818
5970  94.129921
5975  94.196083
5980  94.265991
5985  94.350082
5990  94.433556
5995  94.517830
6000  94.587791
6005  94.682816
6010  94.766541
6015  94.858261
6020  94.941124
6025  95.032188
6030  95.111725
6035  95.185669
6040  95.238441
6045  95.289162
6050  95.329559
6055  95.352463
6060  95.345001
6065  95.320831
6070  95.307350
6075  95.310623
6080  95.294052
6085  95.284691
6090  95.257530
6095  95.232864
6100  95.207825
6105  95.180740
6110  95.159042
6115  95.152069
6120  95.176437
6125  95.222778
6130  95.268150
6135  95.312431
6140  95.365669
6145  95.430733
6150  95.499809
6155  95.589767
6160  95.676460
6165  95.756058
6170  95.837906
6175  95.915627
6180  95.981224
6185  96.029816
6190  96.069878
6195  96.105209
6200  96.130501
6205  96.140083
6210  96.136482
6215  96.120979
6220  96.098175
6225  96.072250
6230  96.023651
6235  95.975288
6240  95.915169
6245  95.858002
6250  95.798279
6255  95.726280
6260  95.655617
6265  95.595718
6270  95.542564
6275  95.494759
6280  95.468933
6285  95.457458
6290  95.458359
6295  95.479927
6300  95.509148
6305  95.551849
6310  95.595047
6315  95.643005
6320  95.706299
6325  95.753479
6330  95.792099
6335  95.828407
6340  95.862457
6345  95.889732
6350  95.909294
6355  95.922546
6360  95.919762
6365  95.886528
6370  95.823715
6375  95.717239
6380  95.590767
6385  95.442734
6390  95.298157
6395  95.150108
6400  95.006889
6405  94.857811
6410  94.712196
6415  94.551208
6420  94.372139
6425  94.188408
6430  94.010872
6435  93.846519
6440  93.709740
6445  93.585678
6450  93.479210
6455  93.403175
6460  93.361061
6465  93.334480
6470  93.345108
6475  93.363480
6480  93.406334
6485  93.464569
6490  93.536285
6495  93.618561
6500  93.712036
6505  93.818596
6510  93.948074
6515  94.082817
6520  94.211403
6525  94.342712
6530  94.471313
6535  94.591988
6540  94.715012
6545  94.811554
6550  94.889412
6555  94.940880
6560  94.978622
6565  94.989418
6570  94.967201
6575  94.923531
6580  94.869041
6585  94.791908
6590  94.701508
6595  94.599442
6600  94.469322
6605  94.341331
6610  94.204712
6615  94.062607
6620  93.912575
6625  93.748894
6630  93.610748
6635  93.489037
6640  93.374489
6645  93.268196
6650  93.182243
6655  93.111626
6660  93.062500
6665  93.031105
6670  93.015114
6675  93.027901
6680  93.061203
6685  93.116440
6690  93.192299
6695  93.264168
6700  93.351570
6705  93.455429
6710  93.568657
6715  93.697456
6720  93.843330
6725  93.990158
6730  94.154480
6735  94.307045
6740  94.462433
6745  94.618431
6750  94.770851
6755  94.916466
6760  95.048454
6765  95.155426
6770  95.208702
6775  95.228310
6780  95.176422
6785  95.066872
6790  94.877983
6795  94.598160
6800  94.247200
6805  93.739738
6810  93.066933
6815  92.216820
6820  91.203896
6825  89.969009
6830  88.471870
6835  86.723976
6840  84.727730
6845  82.472977
6850  79.928688
6855  77.129822
6860  74.095024
6865  70.846245
6870  67.430099
6875  63.885963
6880  60.267918
6885  56.565811
6890  52.863197
6895  49.204128
6900  45.620148
6905  42.117180
6910  38.744221
6915  35.531349
6920  32.496410
6925  29.657581
6930  27.031418
6935  24.605011
6940  22.349461
6945  20.284569
6950  18.432899
6955  16.754951
6960  15.218920
6965  13.822240
6970  12.576561
6975  11.455870
6980  10.432510
6985  9.498940
6990  8.660570
6995  7.906530
7000  7.222650
7005  6.605800
7010  6.054290
7015  5.555020
7020  5.097360
7025  4.683120
7030  4.315180
7035  3.984780
7040  3.680580
7045  3.403420
7050  3.156800
7055  2.934760
7060  2.726720
7065  2.533360
7070  2.357700
7075  2.197110
7080  2.048240
7085  1.911340
7090  1.788920
7095  1.677060
7100  1.571740
7105  1.476180
7110  1.387540
7115  1.304400
7120  1.226770
7125  1.156450
7130  1.090480
7135  1.029310
7140  0.971800
7145  0.917840
7150  0.867890
7155  0.820870
7160  0.777900
7165  0.737080
7170  0.697750
7175  0.661510
7180  0.626060
7185  0.593120
7190  0.562080
7195  0.534330
7200  0.507740
7205  0.483330
7210  0.459990
7215  0.437160
7220  0.415020
7225  0.393710
7230  0.373870
7235  0.354940
7240  0.337290
7245  0.320250
7250  0.304180
7255  0.288710
7260  0.273440
7265  0.259910
7270  0.247420
7275  0.235260
7280  0.223090
7285  0.212630
7290  0.202820
7295  0.192890
7300  0.182830
7305  0.173590
7310  0.166400
7315  0.159130
7320  0.151830
7325  0.144390
7330  0.137620
7335  0.132070
7340  0.127180
7345  0.122380
7350  0.117590
7355  0.112720
7360  0.108290
7365  0.103650
7370  0.098280
7375  0.092740
7380  0.088750
7385  0.085490
7390  0.082130
7395  0.078870
7400  0.075200
7405  0.072800
7410  0.070370
7415  0.068100
7420  0.066520
7425  0.064430
7430  0.062590
7435  0.060860
7440  0.058330
7445  0.056100
7450  0.054630
7455  0.053530
7460  0.052300
7465  0.051730
7470  0.050580
7475  0.049550
7480  0.048400
7485  0.047310
7490  0.045340
7495  0.044210
7500  0.043950
7505  0.043670
7510  0.043550
7515  0.042530
7520  0.041980
7525  0.040930
7530  0.039440
7535  0.038400
7540  0.037380
7545  0.036620
7550  0.035930
7555  0.036350
7560  0.034600
7565  0.034090
7570  0.033230
7575  0.031610
7580  0.031220
7585  0.030360
7590  0.030320
7595  0.029880
7600  0.028430
7605  0.027790
7610  0.027260
7615  0.027470
7620  0.027110
7625  0.027360
7630  0.026050
7635  0.026090
7640  0.025550
7645  0.024520
7650  0.023420
7655  0.022380
7660  0.022320
7665  0.022000
7670  0.021090
7675  0.019780
7680  0.018770
7685  0.018340
7690  0.018150
7695  0.018320
7700  0.017270
7705  0.016630
7710  0.015500
7715  0.014680
7720  0.013640
7725  0.013540
7730  0.013580
7735  0.013460
7740  0.013610
7745  0.012750
7750  0.011560
7755  0.010390
7760  0.009490
7765  0.009400
7770  0.009610
7775  0.010330
7780  0.010570
7785  0.010480
7790  0.009310
7795  0.008160
7800  0.006840
7805  0.006030
7810  0.006350
7815  0.007380
7820  0.007850
7825  0.008090
7830  0.007750
7835  0.007950
7840  0.007290
7845  0.007360
7850  0.006960
7855  0.006470
7860  0.006810
7865  0.006990
7870  0.006660
7875  0.006420
7880  0.005760
7885  0.005450
7890  0.005930
7895  0.005600
7900  0.004700
7905  0.004830
7910  0.004720
7915  0.005390
7920  0.005540
7925  0.003600
7930  0.003390
7935  0.003370
7940  0.003060
7945  0.004650
7950  0.004940
7955  0.005010
7960  0.005810
7965  0.006490
7970  0.006790
7975  0.006970
7980  0.007080
7985  0.007020
7990  0.007570
7995  0.006900
8000  0.007370
8005  0.007900
8010  0.007420
8015  0.007850
8020  0.007690
8025  0.007720
8030  0.007300
8035  0.006610
8040  0.006390
8045  0.007170
8050  0.007740
8055  0.008350
8060  0.008850
8065  0.009030
8070  0.009240
8075  0.009620
8080  0.009080
8085  0.008560
8090  0.007570
8095  0.006930
8100  0.007410
8105  0.007110
8110  0.006660
8115  0.006630
8120  0.006150
8125  0.005610
8130  0.004580
8135  0.004160
8140  0.004080
8145  0.004230
8150  0.004320
8155  0.004280
8160  0.004080
8165  0.002840
8170  0.002660
8175  0.002570
8180  0.002110
8185  0.001650
8190  0.002210
8195  0.002700
8200  0.001840
8205  0.001320
8210  0.001060
8215  0.000880
8220  0.000440
8225  0.000880
8230  0.001440
8235  0.001560
8240  0.000730
8245  0.000720
8250  0.000650
8255  0.000200
8260  0.000200
8265  0.000200
8270  0.000200
8275  0.000200
8280  0.000200
8285  0.000200
8290  0.000200
8295  0.000200
8300  0.000200
8305  0.000200
8310  0.000200
8315  0.000200
8320  0.000200
8325  0.000200
8330  0.000200
8335  0.000200
8340  0.000200
8345  0.000200
8350  0.000200
8355  0.000200
8360  0.000200
8365  0.000200
8370  0.000200
8375  0.000200
8380  0.000200
8385  0.000200
8390  0.000200
8395  0.000200
8400  0.000200
8405  0.000450
8410  0.000550
8415  0.000870
8420  0.000920
8425  0.002010
8430  0.002520
8435  0.002990
8440  0.003160
8445  0.000200
8450  0.004960
8455  0.012480
8460  0.015280
8465  0.008720
8470  0.000200
8475  0.000200
8480  0.000200
8485  0.000200
8490  0.000200
8495  0.000200
8500  0.000200
8505  0.000200
8510  0.000200
8515  0.000200
8520  0.000200
8525  0.000200
8530  0.000200
8535  0.000200
8540  0.000200
8545  0.000200
8550  0.000200
8555  0.000200
8560  0.000200
8565  0.000200
8570  0.000200
8575  0.000200
8580  0.000200
8585  0.000200
8590  0.000200
8595  0.000200
8600  0.000200
8605  0.000200
8610  0.000200
8615  0.000200
8620  0.000200
8625  0.000200
8630  0.000200
8635  0.000200
8640  0.000200
8645  0.000200
8650  0.000200
8655  0.000200
8660  0.000200
8665  0.000200
8670  0.000200
8675  0.000200
8680  0.000200
8685  0.000200
8690  0.000200
8695  0.000200
8700  0.000200
8705  0.000200
8710  0.000200
8715  0.000200
8720  0.000200
8725  0.000200
8730  0.000200
8735  0.000200
8740  0.000200
8745  0.000200
8750  0.000200
8755  0.000200
8760  0.000200
8765  0.000200
8770  0.000200
8775  0.000200
8780  0.000200
8785  0.000200
8790  0.000200
8795  0.000200
8800  0.000200
8805  0.000200
8810  0.000200
8815  0.000200
8820  0.000200
8825  0.000200
8830  0.000200
8835  0.000200
8840  0.000200
8845  0.000200
8850  0.000200
8855  0.000200
8860  0.000200
8865  0.000200
8870  0.000200
8875  0.000200
8880  0.000200
8885  0.000200
8890  0.000200
8895  0.000200
8900  0.000200
8905  0.000200
8910  0.000200
8915  0.000200
8920  0.000200
8925  0.000200
8930  0.000200
8935  0.000200
8940  0.000200
8945  0.000200
8950  0.000200
8955  0.000200
8960  0.000200
8965  0.000200
8970  0.000200
8975  0.000200
8980  0.000200
8985  0.000200
8990  0.000200
8995  0.000200
9000  0.000200
9005  0.000200
9010  0.000200
9015  0.000200
9020  0.000200
9025  0.000200
9030  0.000200
9035  0.000200
9040  0.000200
9045  0.000200
9050  0.000200
9055  0.000200
9060  0.000200
9065  0.000200
9070  0.000200
9075  0.000200
9080  0.000200
9085  0.000200
9090  0.000200
9095  0.000200
9100  0.000200
9105  0.000200
9110  0.000200
9115  0.000200
9120  0.000200
9125  0.000200
9130  0.000200
9135  0.000200
9140  0.000200
9145  0.000200
9150  0.000200
9155  0.000200
9160  0.000200
9165  0.000200
9170  0.000200
9175  0.000200
9180  0.000200
9185  0.000200
9190  0.000200
9195  0.000200
9200  0.000200
9205  0.000200
9210  0.000200
9215  0.000200
9220  0.000200
9225  0.000200
9230  0.000200
9235  0.000200
9240  0.000200
9245  0.000200
9250  0.000200
9255  0.000200
9260  0.000200
9265  0.000200
9270  0.000200
9275  0.000200
9280  0.000200
9285  0.000200
9290  0.000200
9295  0.000200
9300  0.000200
9305  0.000200
9310  0.000200
9315  0.000200
9320  0.000200
9325  0.000200
9330  0.000200
9335  0.000200
9340  0.000200
9345  0.000200
9350  0.000200
9355  0.000200
9360  0.000200
9365  0.000200
9370  0.000200
9375  0.000200
9380  0.000200
9385  0.000200
9390  0.000200
9395  0.000200
9400  0.000200
9405  0.000200
9410  0.000200
9415  0.000200
9420  0.000200
9425  0.000200
9430  0.000200
9435  0.000200
9440  0.000200
9445  0.000200
9450  0.000200
9455  0.000200
9460  0.000200
9465  0.000200
9470  0.000200
9475  0.000200
9480  0.000200
9485  0.000200
9490  0.000200
9495  0.000200
9500  0.000200
9505  0.000200
9510  0.000200
9515  0.000200
9520  0.000200
9525  0.000200
9530  0.000200
9535  0.000200
9540  0.000200
9545  0.000200
9550  0.000200
9555  0.000200
9560  0.000200
9565  0.000200
9570  0.000200
9575  0.000200
9580  0.000200
9585  0.000200
9590  0.000200
9595  0.000200
9600  0.000200
9605  0.000200
9610  0.000200
9615  0.000200
9620  0.000200
9625  0.000200
9630  0.000200
9635  0.000200
9640  0.000200
9645  0.000200
9650  0.000200
9655  0.000200
9660  0.000200
9665  0.000200
9670  0.000200
9675  0.000200
9680  0.000200
9685  0.000200
9690  0.000200
9695  0.000200
9700  0.000200
9705  0.000200
9710  0.000200
9715  0.000200
9720  0.000200
9725  0.000200
9730  0.000200
9735  0.000200
9740  0.000200
9745  0.000200
9750  0.000200
9755  0.000200
9760  0.000200
9765  0.000200
9770  0.000200
9775  0.000200
9780  0.000200
9785  0.000200
9790  0.000200
9795  0.000200
9800  0.000200
9805  0.000200
9810  0.000200
9815  0.000200
9820  0.000200
9825  0.000200
9830  0.000200
9835  0.000200
9840  0.000200
9845  0.000200
9850  0.000200
9855  0.000200
9860  0.000200
9865  0.000200
9870  0.000200
9875  0.000200
9880  0.000200
9885  0.000200
9890  0.000200
9895  0.000200
9900  0.000200
9905  0.000200
9910  0.000200
9915  0.000200
9920  0.000200
9925  0.000200
9930  0.000200
9935  0.000200
9940  0.000200
9945  0.000200
9950  0.000200
9955  0.000200
9960  0.000200
9965  0.000200
9970  0.000200
9975  0.000200
9980  0.000200
9985  0.000200
9990  0.000200
9995  0.000200
10000  0.000200
10005  0.000200
10010  0.000200
10015  0.000200
10020  0.000200
10025  0.000200
10030  0.000200
10035  0.000200
10040  0.000200
10045  0.000200
10050  0.000200
10055  0.000200
10060  0.000200
10065  0.000200
10070  0.000200
10075  0.000200
10080  0.000200
10085  0.000200
10090  0.000200
10095  0.000200
10100  0.000200
10105  0.000200
10110  0.000200
10115  0.000200
10120  0.000200
10125  0.000200
10130  0.000200
10135  0.000200
10140  0.000200
10145  0.000200
10150  0.000200
10155  0.000200
10160  0.000200
10165  0.000200
10170  0.000200
10175  0.000200
10180  0.000200
10185  0.000200
10190  0.000200
10195  0.000200
10200  0.000200
10205  0.000200
10210  0.000200
10215  0.000200
10220  0.000200
10225  0.000200
10230  0.000200
10235  0.000200
10240  0.000200
10245  0.000200
10250  0.000200
10255  0.000200
10260  0.000200
10265  0.000200
10270  0.000200
10275  0.000200
10280  0.000200
10285  0.000200
10290  0.000200
10295  0.000200
10300  0.000200
10305  0.000200
10310  0.000200
10315  0.000200
10320  0.000200
10325  0.000200
10330  0.000200
10335  0.000200
10340  0.000200
10345  0.000200
10350  0.000200
10355  0.000200
10360  0.000200
10365  0.000200
10370  0.000200
10375  0.000200
10380  0.000200
10385  0.000200
10390  0.000200
10395  0.000200
10400  0.000200
10405  0.000200
10410  0.000200
10415  0.000200
10420  0.000200
10425  0.000200
10430  0.000200
10435  0.000200
10440  0.000200
10445  0.000200
10450  0.000200
10455  0.000200
10460  0.000200
10465  0.000200
10470  0.000200
10475  0.000200
10480  0.000200
10485  0.000200
10490  0.000200
10495  0.000200
10500  0.000200
10505  0.000200
10510  0.000200
10515  0.000200
10520  0.000200
10525  0.000200
10530  0.000200
10535  0.000200
10540  0.000200
10545  0.000200
10550  0.000200
10555  0.000200
10560  0.000200
10565  0.000200
10570  0.000200
10575  0.000200
10580  0.000200
10585  0.000200
10590  0.000200
10595  0.000200
10600  0.000200
10605  0.000200
10610  0.000200
10615  0.000200
10620  0.000200
10625  0.000200
10630  0.000200
10635  0.000200
10640  0.000200
10645  0.000200
10650  0.000200
10655  0.000200
10660  0.000200
10665  0.000200
10670  0.000200
10675  0.000200
10680  0.000200
10685  0.000200
10690  0.000200
10695  0.000200
10700  0.000200
10705  0.000200
10710  0.000200
10715  0.000200
10720  0.000200
10725  0.000200
10730  0.000200
10735  0.000200
10740  0.000200
10745  0.000200
10750  0.000200
10755  0.000200
10760  0.000200
10765  0.000200
10770  0.000200
10775  0.000200
10780  0.000200
10785  0.000200
10790  0.000200
10795  0.000200
10800  0.000200
10805  0.000200
10810  0.000200
10815  0.000200
10820  0.000200
10825  0.000200
10830  0.000200
10835  0.000200
10840  0.000200
10845  0.000200
10850  0.000200
10855  0.000200
10860  0.000200
10865  0.000200
10870  0.000200
10875  0.000200
10880  0.000200
10885  0.000200
10890  0.000200
10895  0.000200
10900  0.000200
10905  0.000200
10910  0.000200
10915  0.000200
10920  0.000200
10925  0.000200
10930  0.000200
10935  0.000200
10940  0.000200
10945  0.000200
10950  0.000200
10955  0.000200
10960  0.000200
10965  0.000200
10970  0.000200
10975  0.000200
10980  0.000200
10985  0.000200
10990  0.000200
10995  0.000200
11000  0.000200
11005  0.000200
11010  0.000200
11015  0.000200
11020  0.000200
11025  0.000200
11030  0.000200
11035  0.000200
11040  0.000200
11045  0.000200
11050  0.000200
11055  0.000200
11060  0.000200
11065  0.000200
11070  0.007800
11075  0.005860
11080  0.000200
11085  0.000200
11090  0.000200
11095  0.000200
11100  0.000200
11105  0.007130
11110  0.029940
11115  0.041020
11120  0.063380
11125  0.069720
11130  0.075310
11135  0.081440
11140  0.090190
11145  0.100900
11150  0.118720
11155  0.122150
11160  0.128460
11165  0.139330
11170  0.149860
11175  0.155870
11180  0.172160
11185  0.184990
11190  0.200170
11195  0.213640
11200  0.234530
11205  0.254340
11210  0.269880
11215  0.289510
11220  0.309950
11225  0.332370
11230  0.347120
11235  0.362200
11240  0.385160
11245  0.395920
11250  0.417060
11255  0.438840
11260  0.464260
11265  0.477620
11270  0.503280
11275  0.525360
11280  0.548780
11285  0.570060
11290  0.584610
11295  0.605660
11300  0.618830
11305  0.625900
11310  0.645450
11315  0.648550
11320  0.659540
11325  0.674540
11330  0.690610
11335  0.697680
11340  0.701190
11345  0.710820
11350  0.729560
11355  0.745360
11360  0.756840
11365  0.764750
11370  0.768210
11375  0.768440
11380  0.775270
11385  0.772310
11390  0.761980
11395  0.760020
11400  0.764070
11405  0.767710
11410  0.768430
11415  0.769710
11420  0.774090
11425  0.778400
11430  0.783150
11435  0.786900
11440  0.787730
11445  0.790990
11450  0.793210
11455  0.799380
11460  0.799160
11465  0.796720
11470  0.806340
11475  0.809180
11480  0.817270
11485  0.822580
11490  0.825040
11495  0.824860
11500  0.826740
11505  0.829020
11510  0.837830
11515  0.853000
11520  0.873230
11525  0.883590
11530  0.892120
11535  0.892140
11540  0.896790
11545  0.901610
11550  0.904790
11555  0.923080
11560  0.939010
11565  0.946210
11570  0.957830
11575  0.972570
11580  0.995320
11585  1.001920
11590  1.017700
11595  1.024660
11600  1.043680
11605  1.065260
11610  1.085290
11615  1.120520
11620  1.143040
11625  1.179320
11630  1.210410
11635  1.225670
11640  1.250170
11645  1.268450
11650  1.301730
11655  1.325230
11660  1.356000
11665  1.389830
11670  1.429120
11675  1.473990
11680  1.513690
11685  1.564730
11690  1.621140
11695  1.682240
11700  1.734910
11705  1.766930
11710  1.826360
11715  1.887440
11720  1.941650
11725  2.011410
11730  2.075760
11735  2.147900
11740  2.226750
11745  2.313220
11750  2.400070
11755  2.473270
11760  2.560300
11765  2.663520
11770  2.763010
11775  2.857400
11780  2.974930
11785  3.102900
11790  3.228100
11795  3.375600
11800  3.519650
11805  3.660870
11810  3.819720
11815  3.979610
11820  4.168530
11825  4.356330
11830  4.565940
11835  4.791400
11840  5.019060
11845  5.258550
11850  5.517680
11855  5.797900
11860  6.097430
11865  6.421260
11870  6.763810
11875  7.124959
11880  7.503900
11885  7.901600
11890  8.339100
11895  8.799110
11900  9.303570
11905  9.858399
11910  10.454460
11915  11.085730
11920  11.755800
11925  12.486589
11930  13.260730
11935  14.097810
11940  14.984640
11945  15.935640
11950  16.930880
11955  17.999420
11960  19.129610
11965  20.297920
11970  21.581160
11975  23.068211
11980  24.685360
11985  26.293009
11990  27.733580
11995  28.889149
12000  29.670412
