2000  0.000200
2005  0.000200
2010  0.000200
2015  0.000200
2020  0.000200
2025  0.000200
2030  0.000200
2035  0.000200
2040  0.000200
2045  0.000200
2050  0.000200
2055  0.000200
2060  0.000200
2065  0.000200
2070  0.000200
2075  0.000200
2080  0.000200
2085  0.000200
2090  0.000200
2095  0.000200
2100  0.000200
2105  0.000200
2110  0.000200
2115  0.000200
2120  0.000200
2125  0.000200
2130  0.000200
2135  0.000200
2140  0.000200
2145  0.000200
2150  0.000200
2155  0.000200
2160  0.000200
2165  0.000200
2170  0.000200
2175  0.000200
2180  0.000200
2185  0.000200
2190  0.000200
2195  0.000200
2200  0.000200
2205  0.000200
2210  0.000200
2215  0.000200
2220  0.000200
2225  0.000200
2230  0.000200
2235  0.000200
2240  0.000200
2245  0.000200
2250  0.000200
2255  0.000200
2260  0.000200
2265  0.000200
2270  0.000200
2275  0.000200
2280  0.000200
2285  0.000200
2290  0.000200
2295  0.000200
2300  0.000200
2305  0.000200
2310  0.000200
2315  0.000200
2320  0.000200
2325  0.000200
2330  0.000200
2335  0.000200
2340  0.000200
2345  0.000200
2350  0.000200
2355  0.000200
2360  0.000200
2365  0.000200
2370  0.000200
2375  0.000200
2380  0.000200
2385  0.000200
2390  0.000200
2395  0.000200
2400  0.000200
2405  0.000200
2410  0.000200
2415  0.000200
2420  0.000200
2425  0.000200
2430  0.000200
2435  0.000200
2440  0.000200
2445  0.000200
2450  0.000200
2455  0.000200
2460  0.000200
2465  0.000200
2470  0.000200
2475  0.000200
2480  0.000200
2485  0.000200
2490  0.000200
2495  0.000200
2500  0.000200
2505  0.000200
2510  0.000200
2515  0.000200
2520  0.000200
2525  0.000200
2530  0.000200
2535  0.000200
2540  0.000200
2545  0.000200
2550  0.000200
2555  0.000200
2560  0.000200
2565  0.000200
2570  0.000200
2575  0.000200
2580  0.000200
2585  0.000200
2590  0.000200
2595  0.000200
2600  0.000200
2605  0.000200
2610  0.000200
2615  0.000200
2620  0.000200
2625  0.000200
2630  0.000200
2635  0.000200
2640  0.000200
2645  0.000200
2650  0.000200
2655  0.000200
2660  0.000200
2665  0.000200
2670  0.000200
2675  0.000200
2680  0.000200
2685  0.000200
2690  0.000200
2695  0.000200
2700  0.000200
2705  0.000200
2710  0.000200
2715  0.000200
2720  0.000200
2725  0.000200
2730  0.000200
2735  0.000200
2740  0.000200
2745  0.000200
2750  0.000200
2755  0.000200
2760  0.000200
2765  0.000200
2770  0.000200
2775  0.000200
2780  0.000200
2785  0.000200
2790  0.000200
2795  0.000200
2800  0.000200
2805  0.000200
2810  0.000200
2815  0.000200
2820  0.000200
2825  0.000200
2830  0.000200
2835  0.000200
2840  0.000200
2845  0.000200
2850  0.000200
2855  0.000200
2860  0.000200
2865  0.000200
2870  0.000200
2875  0.000200
2880  0.000200
2885  0.000200
2890  0.000200
2895  0.000200
2900  0.000200
2905  0.000200
2910  0.000200
2915  0.000200
2920  0.000200
2925  0.000200
2930  0.000200
2935  0.000200
2940  0.000200
2945  0.000200
2950  0.000200
2955  0.000200
2960  0.000200
2965  0.000200
2970  0.000200
2975  0.000200
2980  0.000200
2985  0.000200
2990  0.000200
2995  0.000200
3000  0.000200
3005  0.001570
3010  0.013050
3015  0.034350
3020  0.065940
3025  0.107230
3030  0.167520
3035  0.257160
3040  0.382620
3045  0.556240
3050  0.792660
3055  1.109310
3060  1.491950
3065  1.960660
3070  2.540300
3075  3.257910
3080  4.087430
3085  5.029970
3090  6.100560
3095  7.304100
3100  8.621210
3105  10.018900
3110  11.494250
3115  13.056140
3120  14.675810
3125  16.357639
3130  18.102831
3135  19.882669
3140  21.670370
3145  23.470221
3150  25.270458
3155  27.058729
3160  28.816879
3165  30.532539
3170  32.224861
3175  33.871590
3180  35.486839
3185  37.063290
3190  38.583408
3195  40.011688
3200  41.388477
3205  42.722111
3210  44.030807
3215  45.284920
3220  46.485458
3225  47.684158
3230  48.902542
3235  50.151653
3240  51.415718
3245  52.673172
3250  53.913761
3255  55.090630
3260  56.188087
3265  57.149689
3270  57.938557
3275  58.593430
3280  59.171921
3285  59.739429
3290  60.312931
3295  60.891712
3300  61.573486
3305  62.344318
3310  63.164131
3315  64.006683
3320  64.814087
3325  65.595284
3330  66.319359
3335  66.975540
3340  67.550972
3345  68.078812
3350  68.510445
3355  68.926018
3360  69.366402
3365  69.758270
3370  70.238121
3375  70.734810
3380  71.244881
3385  71.726440
3390  72.124222
3395  72.430939
3400  72.631500
3405  72.735603
3410  72.769676
3415  72.780258
3420  72.741730
3425  72.720139
3430  72.743797
3435  72.797989
3440  72.961845
3445  73.214928
3450  73.571609
3455  73.985611
3460  74.436378
3465  74.886131
3470  75.306747
3475  75.667679
3480  75.938560
3485  76.112968
3490  76.199814
3495  76.228340
3500  76.194473
3505  76.119926
3510  76.042648
3515  76.004204
3520  75.999985
3525  76.042404
3530  76.130226
3535  76.263611
3540  76.420837
3545  76.550293
3550  76.636833
3555  76.630562
3560  76.508377
3565  76.273102
3570  75.944962
3575  75.523788
3580  75.042686
3585  74.540504
3590  74.031929
3595  73.563995
3600  73.160927
3605  72.857544
3610  72.671959
3615  72.585365
3620  72.601059
3625  72.687294
3630  72.787483
3635  72.859314
3640  72.869942
3645  72.758118
3650  72.509369
3655  72.092567
3660  71.489731
3665  70.718155
3670  69.796989
3675  68.779831
3680  67.689499
3685  66.557465
3690  65.443596
3695  64.381584
3700  63.396751
3705  62.506847
3710  61.734962
3715  61.067539
3720  60.493767
3725  59.964283
3730  59.444366
3735  58.889961
3740  58.237396
3745  57.468540
3750  56.555092
3755  55.485641
3760  54.226883
3765  52.758564
3770  51.104290
3775  49.301998
3780  47.367039
3785  45.330177
3790  43.249817
3795  41.146660
3800  39.074268
3805  37.060631
3810  35.123611
3815  33.266190
3820  31.484838
3825  29.813951
3830  28.237190
3835  26.728872
3840  25.260511
3845  23.831530
3850  22.429489
3855  21.053169
3860  19.694401
3865  18.341980
3870  16.998211
3875  15.659930
3880  14.343260
3885  13.064620
3890  11.821450
3895  10.615340
3900  9.462720
3905  8.389450
3910  7.401710
3915  6.484180
3920  5.638360
3925  4.880800
3930  4.204880
3935  3.600130
3940  3.065650
3945  2.599920
3950  2.190710
3955  1.829130
3960  1.518270
3965  1.255960
3970  1.032230
3975  0.837260
3980  0.672900
3985  0.540210
3990  0.432110
3995  0.340430
4000  0.265380
4005  0.207020
4010  0.159920
4015  0.122510
4020  0.093600
4025  0.070570
4030  0.053220
4035  0.039230
4040  0.028740
4045  0.020450
4050  0.015060
4055  0.010740
4060  0.007310
4065  0.005240
4070  0.004330
4075  0.003330
4080  0.002570
4085  0.001560
4090  0.001120
4095  0.000560
4100  0.000200
4105  0.000200
4110  0.000200
4115  0.000200
4120  0.000200
4125  0.000630
4130  0.000970
4135  0.001460
4140  0.001280
4145  0.000700
4150  0.000710
4155  0.000200
4160  0.000200
4165  0.000200
4170  0.000200
4175  0.000200
4180  0.000200
4185  0.000200
4190  0.000200
4195  0.000200
4200  0.000200
4205  0.000200
4210  0.000200
4215  0.000200
4220  0.000200
4225  0.000200
4230  0.000200
4235  0.000200
4240  0.000200
4245  0.000200
4250  0.000200
4255  0.000200
4260  0.000200
4265  0.000200
4270  0.000200
4275  0.000200
4280  0.000200
4285  0.000200
4290  0.000200
4295  0.000200
4300  0.000200
4305  0.000200
4310  0.000200
4315  0.000200
4320  0.000200
4325  0.000200
4330  0.000200
4335  0.000200
4340  0.000200
4345  0.000200
4350  0.000200
4355  0.000200
4360  0.000200
4365  0.000200
4370  0.000200
4375  0.000200
4380  0.000200
4385  0.000200
4390  0.000200
4395  0.000200
4400  0.000200
4405  0.000200
4410  0.000200
4415  0.000200
4420  0.000200
4425  0.000200
4430  0.000200
4435  0.000200
4440  0.000200
4445  0.000200
4450  0.000200
4455  0.000200
4460  0.000200
4465  0.000200
4470  0.000200
4475  0.000200
4480  0.000200
4485  0.000200
4490  0.000200
4495  0.000200
4500  0.000200
4505  0.000200
4510  0.000200
4515  0.000200
4520  0.000200
4525  0.000200
4530  0.000200
4535  0.000200
4540  0.000200
4545  0.000200
4550  0.000200
4555  0.000200
4560  0.000200
4565  0.000200
4570  0.000200
4575  0.000200
4580  0.000200
4585  0.000200
4590  0.000200
4595  0.000200
4600  0.000200
4605  0.000330
4610  0.000200
4615  0.000200
4620  0.000200
4625  0.000200
4630  0.000200
4635  0.000200
4640  0.000200
4645  0.000200
4650  0.000200
4655  0.000200
4660  0.000200
4665  0.000200
4670  0.000200
4675  0.000200
4680  0.000200
4685  0.000200
4690  0.000200
4695  0.000200
4700  0.000200
4705  0.000200
4710  0.000200
4715  0.000200
4720  0.000200
4725  0.000200
4730  0.000200
4735  0.000200
4740  0.000200
4745  0.000200
4750  0.000200
4755  0.000200
4760  0.000200
4765  0.000200
4770  0.000200
4775  0.000200
4780  0.000200
4785  0.000200
4790  0.000200
4795  0.000200
4800  0.000200
4805  0.000200
4810  0.000360
4815  0.000200
4820  0.000200
4825  0.000200
4830  0.000200
4835  0.000200
4840  0.000200
4845  0.000200
4850  0.000200
4855  0.000200
4860  0.000200
4865  0.000350
4870  0.000200
4875  0.000200
4880  0.000200
4885  0.000200
4890  0.000480
4895  0.000400
4900  0.000390
4905  0.000200
4910  0.000200
4915  0.000200
4920  0.000200
4925  0.000200
4930  0.000200
4935  0.000200
4940  0.000200
4945  0.000200
4950  0.000200
4955  0.000200
4960  0.000440
4965  0.001010
4970  0.001000
4975  0.000200
4980  0.000200
4985  0.000200
4990  0.000200
4995  0.000200
5000  0.000200
5005  0.000200
5010  0.000200
5015  0.000200
5020  0.000200
5025  0.000200
5030  0.000200
5035  0.000200
5040  0.000200
5045  0.000200
5050  0.000200
5055  0.000200
5060  0.000200
5065  0.000200
5070  0.000200
5075  0.000200
5080  0.000200
5085  0.000200
5090  0.000200
5095  0.000200
5100  0.000200
5105  0.000200
5110  0.000200
5115  0.000200
5120  0.000200
5125  0.000200
5130  0.000200
5135  0.000200
5140  0.000200
5145  0.000200
5150  0.000200
5155  0.000200
5160  0.000200
5165  0.000200
5170  0.000200
5175  0.000200
5180  0.000200
5185  0.000520
5190  0.000200
5195  0.000200
5200  0.000200
5205  0.000200
5210  0.000200
5215  0.000200
5220  0.000200
5225  0.000200
5230  0.000350
5235  0.000310
5240  0.000360
5245  0.000200
5250  0.000200
5255  0.000200
5260  0.000200
5265  0.000200
5270  0.000650
5275  0.000200
5280  0.000200
5285  0.000200
5290  0.000200
5295  0.000200
5300  0.000200
5305  0.000200
5310  0.000200
5315  0.000200
5320  0.000200
5325  0.000200
5330  0.000200
5335  0.000200
5340  0.000200
5345  0.000200
5350  0.000200
5355  0.000200
5360  0.000200
5365  0.000200
5370  0.000200
5375  0.000200
5380  0.000200
5385  0.000200
5390  0.000200
5395  0.000200
5400  0.000200
5405  0.000200
5410  0.000200
5415  0.000200
5420  0.000200
5425  0.000200
5430  0.000200
5435  0.000200
5440  0.000200
5445  0.000200
5450  0.000200
5455  0.000200
5460  0.000200
5465  0.000200
5470  0.000200
5475  0.000200
5480  0.000200
5485  0.000200
5490  0.000200
5495  0.000200
5500  0.000200
5505  0.000440
5510  0.000670
5515  0.000330
5520  0.000200
5525  0.000200
5530  0.000200
5535  0.000200
5540  0.000200
5545  0.000200
5550  0.000200
5555  0.000200
5560  0.000200
5565  0.000200
5570  0.000200
5575  0.000230
5580  0.001070
5585  0.001460
5590  0.001300
5595  0.001290
5600  0.000870
5605  0.000430
5610  0.000200
5615  0.000200
5620  0.000200
5625  0.000200
5630  0.000200
5635  0.000260
5640  0.000200
5645  0.000200
5650  0.000390
5655  0.000220
5660  0.000200
5665  0.000200
5670  0.000200
5675  0.000200
5680  0.000200
5685  0.000200
5690  0.000200
5695  0.000200
5700  0.000200
5705  0.000200
5710  0.000200
5715  0.000200
5720  0.000200
5725  0.000200
5730  0.000200
5735  0.000200
5740  0.000200
5745  0.000200
5750  0.000200
5755  0.000200
5760  0.000200
5765  0.000200
5770  0.000200
5775  0.000200
5780  0.000200
5785  0.000200
5790  0.000200
5795  0.000200
5800  0.000200
5805  0.000200
5810  0.000200
5815  0.000200
5820  0.000200
5825  0.000200
5830  0.000200
5835  0.000200
5840  0.000200
5845  0.000200
5850  0.000200
5855  0.000200
5860  0.000200
5865  0.000200
5870  0.000200
5875  0.000200
5880  0.000200
5885  0.000200
5890  0.000200
5895  0.000200
5900  0.000200
5905  0.000200
5910  0.000200
5915  0.000200
5920  0.000200
5925  0.000200
5930  0.000200
5935  0.000200
5940  0.000200
5945  0.000200
5950  0.000200
5955  0.000200
5960  0.000200
5965  0.000200
5970  0.000200
5975  0.000200
5980  0.000200
5985  0.000200
5990  0.000200
5995  0.000200
6000  0.000200
6005  0.000200
6010  0.000200
6015  0.000240
6020  0.000460
6025  0.000560
6030  0.000970
6035  0.000550
6040  0.000200
6045  0.000200
6050  0.000200
6055  0.000200
6060  0.000200
6065  0.000200
6070  0.000200
6075  0.000200
6080  0.000330
6085  0.000590
6090  0.001000
6095  0.000790
6100  0.000960
6105  0.000390
6110  0.000200
6115  0.000200
6120  0.000200
6125  0.000200
6130  0.000200
6135  0.000200
6140  0.000200
6145  0.000200
6150  0.000610
6155  0.000260
6160  0.000480
6165  0.000200
6170  0.000200
6175  0.000200
6180  0.000200
6185  0.000200
6190  0.000200
6195  0.000200
6200  0.000200
6205  0.000200
6210  0.000200
6215  0.000200
6220  0.000200
6225  0.000200
6230  0.000840
6235  0.001830
6240  0.001640
6245  0.000950
6250  0.000220
6255  0.000200
6260  0.000200
6265  0.000200
6270  0.000200
6275  0.000530
6280  0.001720
6285  0.001920
6290  0.001450
6295  0.001330
6300  0.001210
6305  0.000940
6310  0.000200
6315  0.000200
6320  0.000200
6325  0.000200
6330  0.000200
6335  0.000200
6340  0.000200
6345  0.000200
6350  0.000200
6355  0.000580
6360  0.000680
6365  0.001090
6370  0.001220
6375  0.000800
6380  0.000200
6385  0.000200
6390  0.000200
6395  0.000200
6400  0.000200
6405  0.000200
6410  0.000200
6415  0.000200
6420  0.000200
6425  0.000200
6430  0.000200
6435  0.000200
6440  0.000200
6445  0.000200
6450  0.000200
6455  0.000200
6460  0.000200
6465  0.000200
6470  0.000200
6475  0.000200
6480  0.000200
6485  0.000200
6490  0.000200
6495  0.000200
6500  0.000200
6505  0.000200
6510  0.000200
6515  0.000200
6520  0.000200
6525  0.000200
6530  0.000200
6535  0.000200
6540  0.000200
6545  0.000200
6550  0.000200
6555  0.000200
6560  0.000200
6565  0.000200
6570  0.000200
6575  0.000200
6580  0.000200
6585  0.000200
6590  0.000200
6595  0.000200
6600  0.000200
6605  0.000200
6610  0.000200
6615  0.000200
6620  0.000200
6625  0.000200
6630  0.000200
6635  0.000200
6640  0.000200
6645  0.000200
6650  0.000200
6655  0.000200
6660  0.000200
6665  0.000270
6670  0.000730
6675  0.001080
6680  0.000950
6685  0.000250
6690  0.000200
6695  0.000840
6700  0.001110
6705  0.001250
6710  0.000720
6715  0.000210
6720  0.000200
6725  0.000200
6730  0.000200
6735  0.000200
6740  0.000200
6745  0.000320
6750  0.000220
6755  0.000200
6760  0.000200
6765  0.000200
6770  0.000200
6775  0.000200
6780  0.000200
6785  0.000230
6790  0.000200
6795  0.000200
6800  0.000200
6805  0.000200
6810  0.000200
6815  0.000200
6820  0.000200
6825  0.000200
6830  0.000200
6835  0.000200
6840  0.000200
6845  0.000200
6850  0.000200
6855  0.000200
6860  0.000200
6865  0.000200
6870  0.000200
6875  0.000200
6880  0.000200
6885  0.000200
6890  0.000200
6895  0.000200
6900  0.000200
6905  0.000200
6910  0.000200
6915  0.000200
6920  0.000200
6925  0.000200
6930  0.000200
6935  0.000200
6940  0.000200
6945  0.000200
6950  0.000200
6955  0.000200
6960  0.000200
6965  0.000200
6970  0.000200
6975  0.000200
6980  0.000200
6985  0.000200
6990  0.000200
6995  0.000200
7000  0.000200
7005  0.000280
7010  0.000340
7015  0.000460
7020  0.000200
7025  0.000200
7030  0.000200
7035  0.000200
7040  0.000200
7045  0.000310
7050  0.000960
7055  0.001750
7060  0.001700
7065  0.001640
7070  0.001460
7075  0.001050
7080  0.000200
7085  0.000200
7090  0.000200
7095  0.000200
7100  0.000200
7105  0.000200
7110  0.000200
7115  0.000200
7120  0.000200
7125  0.000200
7130  0.000200
7135  0.000440
7140  0.001520
7145  0.002010
7150  0.001100
7155  0.000580
7160  0.000200
7165  0.000200
7170  0.000200
7175  0.000200
7180  0.000200
7185  0.000200
7190  0.000200
7195  0.001050
7200  0.000440
7205  0.000200
7210  0.000200
7215  0.000200
7220  0.000200
7225  0.000200
7230  0.000200
7235  0.000200
7240  0.000200
7245  0.000200
7250  0.000200
7255  0.000200
7260  0.000200
7265  0.000200
7270  0.000200
7275  0.000200
7280  0.000200
7285  0.000200
7290  0.000200
7295  0.000200
7300  0.000200
7305  0.000200
7310  0.000200
7315  0.000200
7320  0.000200
7325  0.000200
7330  0.000200
7335  0.000200
7340  0.000200
7345  0.000200
7350  0.000200
7355  0.000200
7360  0.000200
7365  0.000200
7370  0.000200
7375  0.000200
7380  0.000200
7385  0.000200
7390  0.000200
7395  0.000200
7400  0.000200
7405  0.000200
7410  0.000200
7415  0.000200
7420  0.000200
7425  0.000200
7430  0.000200
7435  0.000200
7440  0.000200
7445  0.000200
7450  0.000200
7455  0.000200
7460  0.000200
7465  0.000200
7470  0.000200
7475  0.000200
7480  0.000200
7485  0.000200
7490  0.000200
7495  0.000200
7500  0.000200
7505  0.000200
7510  0.000200
7515  0.000200
7520  0.000200
7525  0.000200
7530  0.000200
7535  0.000200
7540  0.000200
7545  0.000200
7550  0.000200
7555  0.000200
7560  0.000200
7565  0.000200
7570  0.000200
7575  0.000200
7580  0.000200
7585  0.000200
7590  0.000200
7595  0.000200
7600  0.000200
7605  0.000200
7610  0.000200
7615  0.000200
7620  0.000200
7625  0.000200
7630  0.000200
7635  0.000200
7640  0.000200
7645  0.000200
7650  0.000200
7655  0.000200
7660  0.000850
7665  0.001620
7670  0.001570
7675  0.001570
7680  0.000620
7685  0.000200
7690  0.000200
7695  0.000200
7700  0.000200
7705  0.000200
7710  0.000200
7715  0.000200
7720  0.001080
7725  0.000930
7730  0.000790
7735  0.000400
7740  0.000200
7745  0.000200
7750  0.000200
7755  0.000200
7760  0.000200
7765  0.000200
7770  0.000200
7775  0.000200
7780  0.000200
7785  0.000200
7790  0.000200
7795  0.000200
7800  0.000200
7805  0.000200
7810  0.000200
7815  0.000200
7820  0.000200
7825  0.000200
7830  0.000200
7835  0.000200
7840  0.000200
7845  0.000200
7850  0.000200
7855  0.000200
7860  0.000200
7865  0.000200
7870  0.000200
7875  0.000200
7880  0.000200
7885  0.000200
7890  0.000200
7895  0.000200
7900  0.000200
7905  0.000200
7910  0.000200
7915  0.000200
7920  0.000200
7925  0.000200
7930  0.000200
7935  0.000200
7940  0.000200
7945  0.000200
7950  0.000200
7955  0.000200
7960  0.000200
7965  0.000200
7970  0.000200
7975  0.000200
7980  0.000200
7985  0.000200
7990  0.000200
7995  0.000200
8000  0.000200
8005  0.000200
8010  0.000200
8015  0.000200
8020  0.000200
8025  0.000200
8030  0.000200
8035  0.000200
8040  0.000200
8045  0.000200
8050  0.000200
8055  0.000200
8060  0.000200
8065  0.000200
8070  0.000200
8075  0.000200
8080  0.000200
8085  0.000200
8090  0.000200
8095  0.000200
8100  0.000200
8105  0.000200
8110  0.000200
8115  0.000200
8120  0.000200
8125  0.000200
8130  0.000200
8135  0.000200
8140  0.000200
8145  0.000200
8150  0.000200
8155  0.000200
8160  0.000200
8165  0.000200
8170  0.000200
8175  0.000200
8180  0.000200
8185  0.000200
8190  0.000200
8195  0.000200
8200  0.000200
8205  0.000200
8210  0.000200
8215  0.000200
8220  0.000200
8225  0.000200
8230  0.000200
8235  0.000200
8240  0.000200
8245  0.000200
8250  0.000200
8255  0.000200
8260  0.000200
8265  0.000200
8270  0.000200
8275  0.000200
8280  0.000200
8285  0.000200
8290  0.000200
8295  0.000200
8300  0.000200
8305  0.000200
8310  0.000200
8315  0.000200
8320  0.000200
8325  0.000200
8330  0.000200
8335  0.000200
8340  0.000200
8345  0.000200
8350  0.000200
8355  0.000200
8360  0.000200
8365  0.000200
8370  0.000200
8375  0.000200
8380  0.000200
8385  0.000200
8390  0.000200
8395  0.000200
8400  0.000200
8405  0.000200
8410  0.000200
8415  0.000200
8420  0.000200
8425  0.000200
8430  0.000200
8435  0.000340
8440  0.001240
8445  0.000200
8450  0.002400
8455  0.009440
8460  0.007190
8465  0.005230
8470  0.000200
8475  0.000200
8480  0.000200
8485  0.000200
8490  0.000200
8495  0.000200
8500  0.000200
8505  0.000200
8510  0.000200
8515  0.000200
8520  0.000200
8525  0.000200
8530  0.000200
8535  0.000200
8540  0.000200
8545  0.000200
8550  0.000200
8555  0.000200
8560  0.000200
8565  0.000200
8570  0.000200
8575  0.000200
8580  0.000200
8585  0.000200
8590  0.000200
8595  0.000200
8600  0.000200
8605  0.000200
8610  0.000200
8615  0.000200
8620  0.000200
8625  0.000200
8630  0.000200
8635  0.000200
8640  0.000200
8645  0.000200
8650  0.000200
8655  0.000200
8660  0.000200
8665  0.000200
8670  0.000200
8675  0.000200
8680  0.000200
8685  0.000200
8690  0.000200
8695  0.000200
8700  0.000200
8705  0.000200
8710  0.000200
8715  0.000200
8720  0.000200
8725  0.000200
8730  0.000200
8735  0.000200
8740  0.000200
8745  0.000200
8750  0.000200
8755  0.000200
8760  0.000200
8765  0.000200
8770  0.000200
8775  0.000200
8780  0.000200
8785  0.000200
8790  0.000200
8795  0.000200
8800  0.000200
8805  0.000200
8810  0.000200
8815  0.000200
8820  0.000200
8825  0.000200
8830  0.000200
8835  0.000200
8840  0.000200
8845  0.000200
8850  0.000200
8855  0.000200
8860  0.000200
8865  0.000200
8870  0.000200
8875  0.000200
8880  0.000200
8885  0.000200
8890  0.000200
8895  0.000200
8900  0.000200
8905  0.000200
8910  0.000200
8915  0.000200
8920  0.000200
8925  0.000200
8930  0.000200
8935  0.000200
8940  0.000200
8945  0.000200
8950  0.000200
8955  0.000200
8960  0.000200
8965  0.000200
8970  0.000200
8975  0.000200
8980  0.000200
8985  0.000200
8990  0.000200
8995  0.000200
9000  0.000200
9005  0.000200
9010  0.000200
9015  0.000200
9020  0.000200
9025  0.000200
9030  0.000200
9035  0.000200
9040  0.000200
9045  0.000200
9050  0.000200
9055  0.000200
9060  0.000200
9065  0.000200
9070  0.000200
9075  0.000200
9080  0.000200
9085  0.000200
9090  0.000200
9095  0.000200
9100  0.000200
9105  0.000200
9110  0.000200
9115  0.000200
9120  0.000200
9125  0.000200
9130  0.000200
9135  0.000200
9140  0.000200
9145  0.000200
9150  0.000200
9155  0.000200
9160  0.000200
9165  0.000200
9170  0.000200
9175  0.000200
9180  0.000200
9185  0.000200
9190  0.000200
9195  0.000200
9200  0.000200
9205  0.000200
9210  0.000200
9215  0.000200
9220  0.000200
9225  0.000200
9230  0.000200
9235  0.000200
9240  0.000200
9245  0.000200
9250  0.000200
9255  0.000200
9260  0.000200
9265  0.000200
9270  0.000200
9275  0.000200
9280  0.000200
9285  0.000200
9290  0.000200
9295  0.000200
9300  0.000200
9305  0.000200
9310  0.000200
9315  0.000200
9320  0.000200
9325  0.000200
9330  0.000200
9335  0.000200
9340  0.000200
9345  0.000200
9350  0.000200
9355  0.000200
9360  0.000200
9365  0.000200
9370  0.000200
9375  0.000200
9380  0.000200
9385  0.000200
9390  0.000200
9395  0.000200
9400  0.000200
9405  0.000200
9410  0.000200
9415  0.000200
9420  0.000200
9425  0.000200
9430  0.000200
9435  0.000200
9440  0.000200
9445  0.000200
9450  0.000200
9455  0.000200
9460  0.000200
9465  0.000200
9470  0.000200
9475  0.000200
9480  0.000200
9485  0.000200
9490  0.000200
9495  0.000200
9500  0.000200
9505  0.000200
9510  0.000200
9515  0.000200
9520  0.000200
9525  0.000200
9530  0.000200
9535  0.000200
9540  0.000200
9545  0.000200
9550  0.000200
9555  0.000200
9560  0.000200
9565  0.000200
9570  0.000200
9575  0.000200
9580  0.000200
9585  0.000200
9590  0.000200
9595  0.000200
9600  0.000200
9605  0.000200
9610  0.000200
9615  0.000200
9620  0.000200
9625  0.000200
9630  0.000200
9635  0.000200
9640  0.000200
9645  0.000200
9650  0.000200
9655  0.000200
9660  0.000200
9665  0.000200
9670  0.000200
9675  0.000200
9680  0.000200
9685  0.000200
9690  0.000200
9695  0.000200
9700  0.000200
9705  0.000200
9710  0.000200
9715  0.000200
9720  0.000200
9725  0.000200
9730  0.000200
9735  0.000200
9740  0.000200
9745  0.000200
9750  0.000200
9755  0.000200
9760  0.000200
9765  0.000200
9770  0.000200
9775  0.000200
9780  0.000200
9785  0.000200
9790  0.000200
9795  0.000200
9800  0.000200
9805  0.000200
9810  0.000200
9815  0.000200
9820  0.000200
9825  0.000200
9830  0.000200
9835  0.000200
9840  0.000200
9845  0.000200
9850  0.000200
9855  0.000200
9860  0.000200
9865  0.000200
9870  0.000200
9875  0.000200
9880  0.000200
9885  0.000200
9890  0.000200
9895  0.000200
9900  0.000200
9905  0.000200
9910  0.000200
9915  0.000200
9920  0.000200
9925  0.000200
9930  0.000200
9935  0.000200
9940  0.000200
9945  0.000200
9950  0.000200
9955  0.000200
9960  0.000200
9965  0.000200
9970  0.000200
9975  0.000200
9980  0.000200
9985  0.000200
9990  0.000200
9995  0.000200
10000  0.000200
10005  0.000200
10010  0.000200
10015  0.000200
10020  0.000200
10025  0.000200
10030  0.000200
10035  0.000200
10040  0.000200
10045  0.000200
10050  0.000200
10055  0.000200
10060  0.000200
10065  0.000200
10070  0.000200
10075  0.000200
10080  0.000200
10085  0.000200
10090  0.000200
10095  0.000200
10100  0.000200
10105  0.000200
10110  0.000200
10115  0.000200
10120  0.000200
10125  0.000200
10130  0.000200
10135  0.000200
10140  0.000200
10145  0.000200
10150  0.000200
10155  0.000200
10160  0.000200
10165  0.000200
10170  0.000200
10175  0.000200
10180  0.000200
10185  0.000200
10190  0.000200
10195  0.000200
10200  0.000200
10205  0.000200
10210  0.000200
10215  0.000200
10220  0.000200
10225  0.000200
10230  0.000200
10235  0.000200
10240  0.000200
10245  0.000200
10250  0.000200
10255  0.000200
10260  0.000200
10265  0.000200
10270  0.000200
10275  0.000200
10280  0.004770
10285  0.010000
10290  0.013900
10295  0.008800
10300  0.012150
10305  0.004800
10310  0.000200
10315  0.000200
10320  0.000200
10325  0.000200
10330  0.000200
10335  0.000200
10340  0.000200
10345  0.000200
10350  0.003740
10355  0.011370
10360  0.020210
10365  0.005740
10370  0.000730
10375  0.000200
10380  0.000200
10385  0.000200
10390  0.000200
10395  0.002490
10400  0.007800
10405  0.013440
10410  0.006550
10415  0.001310
10420  0.000200
10425  0.000200
10430  0.000200
10435  0.000200
10440  0.000200
10445  0.000200
10450  0.000200
10455  0.002040
10460  0.004500
10465  0.010970
10470  0.016160
10475  0.020610
10480  0.009620
10485  0.004460
10490  0.001410
10495  0.000200
10500  0.002240
10505  0.003080
10510  0.010090
10515  0.022210
10520  0.026380
10525  0.028040
10530  0.020110
10535  0.012320
10540  0.010550
10545  0.017050
10550  0.025870
10555  0.029900
10560  0.037910
10565  0.031520
10570  0.028450
10575  0.021470
10580  0.013820
10585  0.011320
10590  0.009460
10595  0.014340
10600  0.024440
10605  0.030770
10610  0.035880
10615  0.037810
10620  0.034000
10625  0.023020
10630  0.017390
10635  0.021110
10640  0.013700
10645  0.011640
10650  0.025760
10655  0.033340
10660  0.029400
10665  0.027620
10670  0.021850
10675  0.016140
10680  0.015910
10685  0.019780
10690  0.020700
10695  0.019690
10700  0.021560
10705  0.042380
10710  0.046770
10715  0.051020
10720  0.056210
10725  0.052420
10730  0.038870
10735  0.024950
10740  0.012600
10745  0.009900
10750  0.010830
10755  0.020270
10760  0.025410
10765  0.030210
10770  0.026710
10775  0.030560
10780  0.025970
10785  0.037010
10790  0.045300
10795  0.056960
10800  0.056890
10805  0.059840
10810  0.062940
10815  0.057410
10820  0.051060
10825  0.049460
10830  0.052650
10835  0.062100
10840  0.064900
10845  0.069820
10850  0.068350
10855  0.073550
10860  0.070940
10865  0.069920
10870  0.064070
10875  0.059230
10880  0.054930
10885  0.052680
10890  0.046810
10895  0.046710
10900  0.057520
10905  0.063790
10910  0.076180
10915  0.081460
10920  0.077090
10925  0.081150
10930  0.076030
10935  0.073820
10940  0.073350
10945  0.083290
10950  0.090790
10955  0.096540
10960  0.088560
10965  0.088210
10970  0.087450
10975  0.082210
10980  0.081130
10985  0.073980
10990  0.072810
10995  0.091140
11000  0.097460
11005  0.103420
11010  0.095330
11015  0.103850
11020  0.113450
11025  0.123650
11030  0.123220
11035  0.116380
11040  0.111600
11045  0.109300
11050  0.099730
11055  0.078070
11060  0.071020
11065  0.075860
11070  0.086990
11075  0.104330
11080  0.105990
11085  0.111080
11090  0.106930
11095  0.103680
11100  0.097220
11105  0.087610
11110  0.083080
11115  0.085110
11120  0.088810
11125  0.087840
11130  0.096520
11135  0.095930
11140  0.100170
11145  0.092630
11150  0.078680
11155  0.072320
11160  0.069040
11165  0.075000
11170  0.085780
11175  0.101520
11180  0.104470
11185  0.103040
11190  0.109650
11195  0.102670
11200  0.094480
11205  0.088650
11210  0.092360
11215  0.103600
11220  0.110930
11225  0.128880
11230  0.136530
11235  0.144500
11240  0.148590
11245  0.143960
11250  0.126140
11255  0.101610
11260  0.098210
11265  0.097750
11270  0.099800
11275  0.116520
11280  0.113940
11285  0.123530
11290  0.120440
11295  0.114620
11300  0.111120
11305  0.100000
11310  0.097570
11315  0.096160
11320  0.089420
11325  0.086460
11330  0.084510
11335  0.088210
11340  0.082980
11345  0.081620
11350  0.073240
11355  0.068080
11360  0.077160
11365  0.086880
11370  0.102090
11375  0.108550
11380  0.114760
11385  0.119250
11390  0.115280
11395  0.112890
11400  0.103650
11405  0.100960
11410  0.096030
11415  0.091340
11420  0.089770
11425  0.088350
11430  0.087840
11435  0.094890
11440  0.100980
11445  0.110140
11450  0.109390
11455  0.098710
11460  0.081950
11465  0.084300
11470  0.092620
11475  0.096430
11480  0.106390
11485  0.109550
11490  0.111420
11495  0.108780
11500  0.096900
11505  0.087680
11510  0.076590
11515  0.071030
11520  0.073210
11525  0.083020
11530  0.083870
11535  0.095750
11540  0.106680
11545  0.103050
11550  0.099390
11555  0.091050
11560  0.082030
11565  0.073180
11570  0.068530
11575  0.077380
11580  0.083230
11585  0.078730
11590  0.079840
11595  0.074710
11600  0.071890
11605  0.067630
11610  0.054490
11615  0.045630
11620  0.045030
11625  0.048480
11630  0.056310
11635  0.066050
11640  0.067080
11645  0.072360
11650  0.074590
11655  0.064840
11660  0.055240
11665  0.046110
11670  0.048050
11675  0.056110
11680  0.062180
11685  0.065500
11690  0.069070
11695  0.070130
11700  0.071720
11705  0.070280
11710  0.070720
11715  0.063510
11720  0.067830
11725  0.066030
11730  0.063860
11735  0.070070
11740  0.070610
11745  0.061960
11750  0.058040
11755  0.061020
11760  0.062840
11765  0.066470
11770  0.054840
11775  0.050070
11780  0.051240
11785  0.051120
11790  0.051130
11795  0.054510
11800  0.064220
11805  0.076910
11810  0.082820
11815  0.079290
11820  0.071960
11825  0.071160
11830  0.060270
11835  0.054410
11840  0.046520
11845  0.040520
11850  0.041660
11855  0.047820
11860  0.043860
11865  0.040620
11870  0.038800
11875  0.039970
11880  0.037880
11885  0.031000
11890  0.029350
11895  0.030830
11900  0.025130
11905  0.029530
11910  0.031290
11915  0.023000
11920  0.017330
11925  0.018120
11930  0.019270
11935  0.016300
11940  0.016210
11945  0.021090
11950  0.024960
11955  0.033900
11960  0.038120
11965  0.042830
11970  0.045710
11975  0.053210
11980  0.054920
11985  0.052540
11990  0.046980
11995  0.046920
12000  0.040470
