       3000.0000    0.0060000000
       4725.0000    0.0060000001
       4735.0000     0.017000000
       4740.0000     0.029000001
       4745.0000     0.047000001
       4750.0000     0.074000002
       4755.0000      0.11300000
       4760.0000      0.17200000
       4765.0000      0.25500001
       4770.0000      0.36900001
       4775.0000      0.52400001
       4780.0000      0.72900002
       4785.0000      0.99600002
       4790.0000       1.3360000
       4795.0000       1.7580000
       4800.0000       2.2800001
       4805.0000       2.9130001
       4810.0000       3.6500001
       4815.0000       4.5210001
       4820.0000       5.5130001
       4825.0000       6.6400001
       4830.0000       7.9110002
       4835.0000       9.3030002
       4840.0000       10.830000
       4845.0000       12.460000
       4850.0000       14.190000
       4855.0000       16.045000
       4860.0000       17.971000
       4865.0000       19.978000
       4870.0000       22.069000
       4875.0000       24.174001
       4880.0000       26.332001
       4885.0000       28.504001
       4890.0000       30.696001
       4895.0000       32.915001
       4900.0000       35.103001
       4905.0000       37.263001
       4910.0000       39.384001
       4915.0000       41.451001
       4920.0000       43.491001
       4925.0000       45.490001
       4930.0000       47.437001
       4935.0000       49.352001
       4940.0000       51.176001
       4945.0000       52.950001
       4950.0000       54.642001
       4955.0000       56.263001
       4960.0000       57.817001
       4965.0000       59.330001
       4970.0000       60.774001
       4975.0000       62.156001
       4980.0000       63.481001
       4985.0000       64.755001
       4990.0000       65.987001
       4995.0000       67.157002
       5000.0000       68.251002
       5005.0000       69.321002
       5010.0000       70.317002
       5015.0000       71.282002
       5020.0000       72.200002
       5025.0000       73.079002
       5030.0000       73.890002
       5035.0000       74.675002
       5040.0000       75.423002
       5045.0000       76.152002
       5050.0000       76.813002
       5055.0000       77.463002
       5060.0000       78.079002
       5065.0000       78.662002
       5070.0000       79.218002
       5075.0000       79.722002
       5080.0000       80.208002
       5085.0000       80.714002
       5090.0000       81.149002
       5095.0000       81.576002
       5100.0000       81.970002
       5105.0000       82.376002
       5110.0000       82.752002
       5115.0000       83.085002
       5120.0000       83.408002
       5125.0000       83.720002
       5130.0000       84.021002
       5135.0000       84.280002
       5140.0000       84.562002
       5145.0000       84.780002
       5150.0000       85.030002
       5155.0000       85.239002
       5160.0000       85.453002
       5165.0000       85.633002
       5170.0000       85.839002
       5175.0000       86.006002
       5180.0000       86.162002
       5185.0000       86.291002
       5190.0000       86.489002
       5195.0000       86.602002
       5200.0000       86.702002
       5205.0000       86.837002
       5210.0000       86.944002
       5215.0000       87.019002
       5220.0000       87.130002
       5225.0000       87.200002
       5230.0000       87.277002
       5235.0000       87.359002
       5240.0000       87.426002
       5245.0000       87.470002
       5250.0000       87.513002
       5260.0000       87.590002
       5265.0000       87.626002
       5275.0000       87.658002
       5285.0000       87.690002
       5290.0000       87.676002
       5300.0000       87.661002
       5310.0000       87.626002
       5315.0000       87.558002
       5320.0000       87.542002
       5325.0000       87.524002
       5330.0000       87.471002
       5335.0000       87.393002
       5340.0000       87.355002
       5345.0000       87.305002
       5350.0000       87.230002
       5355.0000       87.164002
       5360.0000       87.091002
       5365.0000       87.032002
       5370.0000       86.953002
       5375.0000       86.857002
       5380.0000       86.762002
       5385.0000       86.665002
       5390.0000       86.604002
       5395.0000       86.467002
       5400.0000       86.350002
       5405.0000       86.268002
       5410.0000       86.134002
       5415.0000       85.999002
       5420.0000       85.875002
       5425.0000       85.743002
       5430.0000       85.605002
       5435.0000       85.475002
       5440.0000       85.329002
       5445.0000       85.173002
       5450.0000       85.026002
       5455.0000       84.871002
       5460.0000       84.707002
       5465.0000       84.537002
       5470.0000       84.354002
       5475.0000       84.184002
       5480.0000       84.022002
       5485.0000       83.810002
       5490.0000       83.593002
       5495.0000       83.440002
       5500.0000       83.235002
       5505.0000       83.026002
       5510.0000       82.824002
       5515.0000       82.600002
       5520.0000       82.367002
       5525.0000       82.174002
       5530.0000       81.934002
       5535.0000       81.690002
       5540.0000       81.467002
       5545.0000       81.219002
       5550.0000       80.959002
       5555.0000       80.699002
       5560.0000       80.454002
       5565.0000       80.187002
       5570.0000       79.928002
       5575.0000       79.644002
       5580.0000       79.353002
       5585.0000       79.098002
       5590.0000       78.808002
       5595.0000       78.507002
       5600.0000       78.211002
       5605.0000       77.914002
       5610.0000       77.631002
       5615.0000       77.314002
       5620.0000       76.988002
       5625.0000       76.676002
       5630.0000       76.360002
       5635.0000       76.020002
       5640.0000       75.665002
       5645.0000       75.341002
       5650.0000       74.994002
       5655.0000       74.651002
       5660.0000       74.282002
       5665.0000       73.913002
       5670.0000       73.546002
       5675.0000       73.177002
       5680.0000       72.800002
       5685.0000       72.425002
       5690.0000       72.024002
       5695.0000       71.661002
       5700.0000       71.258002
       5705.0000       70.831002
       5710.0000       70.453002
       5715.0000       70.059002
       5720.0000       69.654002
       5725.0000       69.238002
       5730.0000       68.818002
       5735.0000       68.399002
       5740.0000       67.965002
       5745.0000       67.543002
       5750.0000       67.090001
       5755.0000       66.653001
       5760.0000       66.218001
       5765.0000       65.749001
       5770.0000       65.306001
       5775.0000       64.851001
       5780.0000       64.399001
       5785.0000       63.947001
       5790.0000       63.448001
       5795.0000       62.979001
       5800.0000       62.504001
       5805.0000       62.033001
       5810.0000       61.537001
       5815.0000       61.064001
       5820.0000       60.574001
       5825.0000       60.097001
       5830.0000       59.618001
       5835.0000       59.114001
       5840.0000       58.627001
       5845.0000       58.115001
       5850.0000       57.618001
       5855.0000       57.106001
       5860.0000       56.594001
       5865.0000       56.072001
       5870.0000       55.579001
       5875.0000       55.064001
       5880.0000       54.544001
       5885.0000       54.022001
       5890.0000       53.495001
       5895.0000       52.970001
       5900.0000       52.442001
       5905.0000       51.914001
       5910.0000       51.393001
       5915.0000       50.868001
       5920.0000       50.312001
       5925.0000       49.771001
       5930.0000       49.259001
       5935.0000       48.728001
       5940.0000       48.196001
       5945.0000       47.651001
       5950.0000       47.115001
       5955.0000       46.578001
       5960.0000       46.040001
       5965.0000       45.489001
       5970.0000       44.945001
       5975.0000       44.415001
       5980.0000       43.866001
       5985.0000       43.323001
       5990.0000       42.784001
       5995.0000       42.252001
       6000.0000       41.704001
       6005.0000       41.174001
       6010.0000       40.619001
       6015.0000       40.083001
       6020.0000       39.529001
       6025.0000       38.991001
       6030.0000       38.459001
       6035.0000       37.936001
       6040.0000       37.417001
       6045.0000       36.903001
       6050.0000       36.376001
       6055.0000       35.849001
       6060.0000       35.330001
       6065.0000       34.810001
       6070.0000       34.284001
       6075.0000       33.763001
       6080.0000       33.249001
       6085.0000       32.741001
       6090.0000       32.226001
       6095.0000       31.718001
       6100.0000       31.207001
       6105.0000       30.707001
       6110.0000       30.216001
       6115.0000       29.714001
       6120.0000       29.217001
       6125.0000       28.740001
       6130.0000       28.257001
       6135.0000       27.771001
       6140.0000       27.285001
       6145.0000       26.813001
       6150.0000       26.352001
       6155.0000       25.888001
       6160.0000       25.427001
       6165.0000       24.967001
       6170.0000       24.508001
       6175.0000       24.053001
       6180.0000       23.603001
       6185.0000       23.160001
       6190.0000       22.721001
       6195.0000       22.286000
       6200.0000       21.861000
       6205.0000       21.430000
       6210.0000       21.005000
       6215.0000       20.595000
       6220.0000       20.187000
       6225.0000       19.771000
       6230.0000       19.371000
       6235.0000       18.953000
       6240.0000       18.555000
       6245.0000       18.168000
       6250.0000       17.789000
       6255.0000       17.421000
       6260.0000       17.064000
       6265.0000       16.692000
       6270.0000       16.331000
       6275.0000       15.968000
       6280.0000       15.614000
       6285.0000       15.265000
       6290.0000       14.918000
       6295.0000       14.573000
       6300.0000       14.238000
       6305.0000       13.908000
       6310.0000       13.584000
       6315.0000       13.263000
       6320.0000       12.947000
       6325.0000       12.637000
       6330.0000       12.331000
       6335.0000       12.026000
       6340.0000       11.731000
       6345.0000       11.438000
       6350.0000       11.155000
       6355.0000       10.876000
       6360.0000       10.596000
       6365.0000       10.328000
       6370.0000       10.061000
       6375.0000       9.8040002
       6380.0000       9.5490002
       6385.0000       9.2990002
       6390.0000       9.0510002
       6395.0000       8.8080002
       6400.0000       8.5670002
       6405.0000       8.3360002
       6410.0000       8.1070002
       6415.0000       7.8830002
       6420.0000       7.6620002
       6425.0000       7.4440002
       6430.0000       7.2350002
       6435.0000       7.0300002
       6440.0000       6.8280002
       6445.0000       6.6300001
       6450.0000       6.4350001
       6455.0000       6.2440001
       6460.0000       6.0570001
       6465.0000       5.8780001
       6470.0000       5.7070001
       6475.0000       5.5440001
       6480.0000       5.3760001
       6485.0000       5.2150001
       6490.0000       5.0540001
       6495.0000       4.8970001
       6500.0000       4.7450001
       6505.0000       4.5970001
       6510.0000       4.4510001
       6515.0000       4.3080001
       6520.0000       4.1710001
       6525.0000       4.0380001
       6530.0000       3.9060001
       6535.0000       3.7770001
       6540.0000       3.6560001
       6545.0000       3.5340001
       6550.0000       3.4170001
       6555.0000       3.3020001
       6560.0000       3.1890001
       6565.0000       3.0820001
       6570.0000       2.9780001
       6575.0000       2.8730001
       6580.0000       2.7770001
       6585.0000       2.6800001
       6590.0000       2.5890001
       6595.0000       2.4980001
       6600.0000       2.4110001
       6605.0000       2.3250001
       6610.0000       2.2410001
       6615.0000       2.1600000
       6620.0000       2.0820000
       6625.0000       2.0070000
       6630.0000       1.9320000
       6635.0000       1.8620000
       6640.0000       1.7920000
       6645.0000       1.7260000
       6650.0000       1.6620000
       6655.0000       1.5980000
       6660.0000       1.5390000
       6665.0000       1.4780000
       6670.0000       1.4210000
       6675.0000       1.3670000
       6680.0000       1.3140000
       6685.0000       1.2640000
       6690.0000       1.2150000
       6695.0000       1.1690000
       6700.0000       1.1230000
       6705.0000       1.0780000
       6710.0000       1.0350000
       6715.0000      0.99400002
       6720.0000      0.95400002
       6725.0000      0.91500002
       6730.0000      0.87700002
       6735.0000      0.84100002
       6740.0000      0.80700002
       6745.0000      0.77400002
       6750.0000      0.74100002
       6755.0000      0.71000002
       6760.0000      0.68100002
       6765.0000      0.65200001
       6770.0000      0.62400001
       6775.0000      0.59700001
       6780.0000      0.57200001
       6785.0000      0.54700001
       6790.0000      0.52300001
       6795.0000      0.50100001
       6800.0000      0.48000001
       6805.0000      0.45900001
       6810.0000      0.43900001
       6815.0000      0.42000001
       6820.0000      0.40100001
       6825.0000      0.38300001
       6830.0000      0.36700001
       6835.0000      0.35000001
       6840.0000      0.33400001
       6845.0000      0.31900001
       6850.0000      0.30300001
       6855.0000      0.29100001
       6860.0000      0.27700001
       6865.0000      0.26400001
       6870.0000      0.25300001
       6875.0000      0.24000001
       6885.0000      0.21800000
       6895.0000      0.19900000
       6905.0000      0.18100000
       6915.0000      0.16400000
       6925.0000      0.14800000
       6935.0000      0.13500000
       6945.0000      0.12100000
       6955.0000      0.11000000
       6965.0000     0.099000002
       6980.0000     0.086000002
       6995.0000     0.072000002
       7015.0000     0.060000001
       7035.0000     0.047000001
       7060.0000     0.036000001
       7090.0000     0.026000001
       7135.0000     0.016000000
       12000.000    0.0060000001
