2000  0.000200
2005  0.000200
2010  0.000200
2015  0.000200
2020  0.000200
2025  0.000200
2030  0.000200
2035  0.000200
2040  0.000200
2045  0.000200
2050  0.000200
2055  0.000200
2060  0.000200
2065  0.000200
2070  0.000200
2075  0.000200
2080  0.000200
2085  0.000200
2090  0.000200
2095  0.000200
2100  0.000200
2105  0.000200
2110  0.000200
2115  0.000200
2120  0.000200
2125  0.000200
2130  0.000200
2135  0.000200
2140  0.000200
2145  0.000200
2150  0.000200
2155  0.000200
2160  0.000200
2165  0.000200
2170  0.000200
2175  0.000200
2180  0.000200
2185  0.000200
2190  0.000200
2195  0.000200
2200  0.000200
2205  0.000200
2210  0.000200
2215  0.000200
2220  0.000200
2225  0.000200
2230  0.000200
2235  0.000200
2240  0.000200
2245  0.000200
2250  0.000200
2255  0.000200
2260  0.000200
2265  0.000200
2270  0.000200
2275  0.000200
2280  0.000200
2285  0.000200
2290  0.000200
2295  0.000200
2300  0.000200
2305  0.000200
2310  0.000200
2315  0.000200
2320  0.000200
2325  0.000200
2330  0.000200
2335  0.000200
2340  0.000200
2345  0.000200
2350  0.000200
2355  0.000200
2360  0.000200
2365  0.000200
2370  0.000200
2375  0.000200
2380  0.000200
2385  0.000200
2390  0.000200
2395  0.000200
2400  0.000200
2405  0.000200
2410  0.000200
2415  0.000200
2420  0.000200
2425  0.000200
2430  0.000200
2435  0.000200
2440  0.000200
2445  0.000200
2450  0.000200
2455  0.000200
2460  0.000200
2465  0.000200
2470  0.000200
2475  0.000200
2480  0.000200
2485  0.000200
2490  0.000200
2495  0.000200
2500  0.000200
2505  0.000200
2510  0.000200
2515  0.000200
2520  0.000200
2525  0.000200
2530  0.000200
2535  0.000200
2540  0.000200
2545  0.000200
2550  0.000200
2555  0.000200
2560  0.000200
2565  0.000200
2570  0.000200
2575  0.000200
2580  0.000200
2585  0.000200
2590  0.000200
2595  0.000200
2600  0.000200
2605  0.000200
2610  0.000200
2615  0.000200
2620  0.000200
2625  0.000200
2630  0.000200
2635  0.000200
2640  0.000200
2645  0.000200
2650  0.000200
2655  0.000200
2660  0.000200
2665  0.000200
2670  0.000200
2675  0.000200
2680  0.000200
2685  0.000200
2690  0.000200
2695  0.000200
2700  0.000200
2705  0.000200
2710  0.000200
2715  0.000200
2720  0.000200
2725  0.000200
2730  0.000200
2735  0.000200
2740  0.000200
2745  0.000200
2750  0.000200
2755  0.000200
2760  0.000200
2765  0.000200
2770  0.000200
2775  0.000200
2780  0.000200
2785  0.000200
2790  0.000200
2795  0.000200
2800  0.000200
2805  0.000200
2810  0.000200
2815  0.000200
2820  0.000200
2825  0.000200
2830  0.000200
2835  0.000200
2840  0.000200
2845  0.000200
2850  0.000200
2855  0.000200
2860  0.000200
2865  0.000200
2870  0.000200
2875  0.000200
2880  0.000200
2885  0.000200
2890  0.000200
2895  0.000200
2900  0.000200
2905  0.000200
2910  0.000200
2915  0.000200
2920  0.000200
2925  0.000200
2930  0.000200
2935  0.000200
2940  0.000200
2945  0.000200
2950  0.000200
2955  0.000200
2960  0.000200
2965  0.000200
2970  0.000200
2975  0.000200
2980  0.000200
2985  0.000200
2990  0.000200
2995  0.000200
3000  0.000200
3005  0.000200
3010  0.000200
3015  0.000200
3020  0.000200
3025  0.000200
3030  0.000200
3035  0.000200
3040  0.000200
3045  0.000200
3050  0.000200
3055  0.000200
3060  0.000200
3065  0.000200
3070  0.000200
3075  0.000200
3080  0.000200
3085  0.000200
3090  0.000200
3095  0.000200
3100  0.000200
3105  0.000200
3110  0.000200
3115  0.000200
3120  0.000200
3125  0.000200
3130  0.000200
3135  0.000200
3140  0.000200
3145  0.000200
3150  0.000200
3155  0.000200
3160  0.000200
3165  0.000200
3170  0.000200
3175  0.000200
3180  0.000200
3185  0.000200
3190  0.000200
3195  0.000200
3200  0.000200
3205  0.000200
3210  0.000200
3215  0.000200
3220  0.000200
3225  0.000200
3230  0.000200
3235  0.000200
3240  0.000200
3245  0.000200
3250  0.000200
3255  0.000200
3260  0.000200
3265  0.000200
3270  0.000200
3275  0.000200
3280  0.000200
3285  0.000200
3290  0.000200
3295  0.000200
3300  0.000200
3305  0.000200
3310  0.000200
3315  0.000200
3320  0.000200
3325  0.000200
3330  0.000200
3335  0.000200
3340  0.000200
3345  0.000200
3350  0.000200
3355  0.000200
3360  0.000200
3365  0.000200
3370  0.000200
3375  0.000200
3380  0.000200
3385  0.000200
3390  0.000200
3395  0.000200
3400  0.000200
3405  0.000200
3410  0.000200
3415  0.000200
3420  0.000200
3425  0.000200
3430  0.000200
3435  0.000200
3440  0.000200
3445  0.000200
3450  0.000200
3455  0.000200
3460  0.000200
3465  0.000200
3470  0.000200
3475  0.000200
3480  0.000200
3485  0.000200
3490  0.000200
3495  0.000200
3500  0.000200
3505  0.000200
3510  0.000200
3515  0.000200
3520  0.000200
3525  0.000200
3530  0.000200
3535  0.000200
3540  0.000200
3545  0.000200
3550  0.000200
3555  0.000200
3560  0.000200
3565  0.000200
3570  0.000200
3575  0.000200
3580  0.000200
3585  0.000200
3590  0.000200
3595  0.000200
3600  0.000200
3605  0.000200
3610  0.000200
3615  0.000200
3620  0.000200
3625  0.000200
3630  0.000200
3635  0.000200
3640  0.000200
3645  0.000200
3650  0.000200
3655  0.000200
3660  0.000200
3665  0.000200
3670  0.000200
3675  0.000200
3680  0.000200
3685  0.000200
3690  0.000200
3695  0.000200
3700  0.000200
3705  0.000200
3710  0.000200
3715  0.000200
3720  0.000200
3725  0.000200
3730  0.000200
3735  0.000200
3740  0.000200
3745  0.000200
3750  0.000200
3755  0.000200
3760  0.000200
3765  0.000200
3770  0.000200
3775  0.000200
3780  0.000200
3785  0.000200
3790  0.000200
3795  0.000200
3800  0.000200
3805  0.000200
3810  0.000200
3815  0.000200
3820  0.000200
3825  0.000200
3830  0.000200
3835  0.000200
3840  0.000200
3845  0.000200
3850  0.000200
3855  0.000200
3860  0.000200
3865  0.000200
3870  0.000200
3875  0.000200
3880  0.000200
3885  0.000200
3890  0.000200
3895  0.000200
3900  0.000200
3905  0.000200
3910  0.000200
3915  0.000200
3920  0.000200
3925  0.000200
3930  0.000200
3935  0.000200
3940  0.000200
3945  0.000200
3950  0.000200
3955  0.000200
3960  0.000200
3965  0.000200
3970  0.000200
3975  0.000200
3980  0.000200
3985  0.000200
3990  0.000630
3995  0.000200
4000  0.000200
4005  0.000200
4010  0.000200
4015  0.000200
4020  0.000200
4025  0.000550
4030  0.001290
4035  0.000820
4040  0.000300
4045  0.000200
4050  0.000200
4055  0.000200
4060  0.000200
4065  0.000200
4070  0.000200
4075  0.000200
4080  0.000200
4085  0.000200
4090  0.000200
4095  0.000200
4100  0.000200
4105  0.000200
4110  0.000200
4115  0.000200
4120  0.000200
4125  0.000200
4130  0.000200
4135  0.000200
4140  0.000200
4145  0.000200
4150  0.000200
4155  0.000200
4160  0.000200
4165  0.000200
4170  0.000200
4175  0.000200
4180  0.000200
4185  0.000200
4190  0.000200
4195  0.000200
4200  0.000200
4205  0.000200
4210  0.000200
4215  0.000200
4220  0.000200
4225  0.000200
4230  0.000200
4235  0.000200
4240  0.000200
4245  0.000200
4250  0.000200
4255  0.000200
4260  0.000200
4265  0.000200
4270  0.000200
4275  0.000200
4280  0.000200
4285  0.000200
4290  0.000200
4295  0.000200
4300  0.000200
4305  0.000200
4310  0.000200
4315  0.000200
4320  0.000200
4325  0.000200
4330  0.000200
4335  0.000200
4340  0.000200
4345  0.000200
4350  0.000200
4355  0.000200
4360  0.000200
4365  0.000200
4370  0.000200
4375  0.000200
4380  0.000200
4385  0.000200
4390  0.000200
4395  0.000200
4400  0.000200
4405  0.000200
4410  0.000200
4415  0.000200
4420  0.000200
4425  0.000200
4430  0.000200
4435  0.000200
4440  0.000200
4445  0.000200
4450  0.000200
4455  0.000200
4460  0.000200
4465  0.000200
4470  0.000200
4475  0.000200
4480  0.000200
4485  0.000200
4490  0.000200
4495  0.000200
4500  0.000200
4505  0.000200
4510  0.000200
4515  0.000200
4520  0.000200
4525  0.000200
4530  0.000200
4535  0.000200
4540  0.000200
4545  0.000200
4550  0.000200
4555  0.000200
4560  0.000200
4565  0.000200
4570  0.000200
4575  0.000200
4580  0.000200
4585  0.000200
4590  0.000200
4595  0.000200
4600  0.000200
4605  0.000200
4610  0.000200
4615  0.000200
4620  0.000200
4625  0.000200
4630  0.000200
4635  0.000200
4640  0.000200
4645  0.000200
4650  0.000200
4655  0.000200
4660  0.000200
4665  0.000200
4670  0.000200
4675  0.000200
4680  0.000200
4685  0.000200
4690  0.000200
4695  0.000200
4700  0.000200
4705  0.000200
4710  0.000200
4715  0.000200
4720  0.000200
4725  0.000200
4730  0.000200
4735  0.000200
4740  0.000200
4745  0.000200
4750  0.000200
4755  0.000200
4760  0.000200
4765  0.000200
4770  0.000200
4775  0.000200
4780  0.000200
4785  0.000200
4790  0.000200
4795  0.000200
4800  0.000200
4805  0.000200
4810  0.000200
4815  0.000200
4820  0.000200
4825  0.000200
4830  0.000200
4835  0.000200
4840  0.000200
4845  0.000200
4850  0.000200
4855  0.000200
4860  0.000200
4865  0.000200
4870  0.000200
4875  0.000200
4880  0.000200
4885  0.000200
4890  0.000200
4895  0.000200
4900  0.000200
4905  0.000200
4910  0.000200
4915  0.000200
4920  0.000200
4925  0.000200
4930  0.000200
4935  0.000200
4940  0.000200
4945  0.000200
4950  0.000200
4955  0.000200
4960  0.000200
4965  0.000200
4970  0.000200
4975  0.000200
4980  0.000200
4985  0.000200
4990  0.000200
4995  0.000200
5000  0.000200
5005  0.000200
5010  0.000200
5015  0.000200
5020  0.000200
5025  0.000200
5030  0.000200
5035  0.000200
5040  0.000200
5045  0.000200
5050  0.000200
5055  0.000200
5060  0.000710
5065  0.001550
5070  0.001750
5075  0.001720
5080  0.001640
5085  0.001780
5090  0.001340
5095  0.000890
5100  0.000670
5105  0.000200
5110  0.000200
5115  0.000200
5120  0.000200
5125  0.000200
5130  0.000200
5135  0.000200
5140  0.000200
5145  0.000200
5150  0.000200
5155  0.000200
5160  0.000200
5165  0.000200
5170  0.000200
5175  0.000200
5180  0.000200
5185  0.000200
5190  0.000200
5195  0.000200
5200  0.000200
5205  0.000200
5210  0.000200
5215  0.000200
5220  0.000200
5225  0.000200
5230  0.000210
5235  0.000480
5240  0.000490
5245  0.000290
5250  0.000200
5255  0.000200
5260  0.000200
5265  0.000200
5270  0.000200
5275  0.000200
5280  0.000200
5285  0.000200
5290  0.000200
5295  0.000200
5300  0.000200
5305  0.000200
5310  0.000200
5315  0.000200
5320  0.000200
5325  0.000200
5330  0.000200
5335  0.000200
5340  0.000200
5345  0.000200
5350  0.000200
5355  0.000200
5360  0.000200
5365  0.000200
5370  0.000200
5375  0.000200
5380  0.000200
5385  0.000200
5390  0.000200
5395  0.000200
5400  0.000200
5405  0.000200
5410  0.000200
5415  0.000200
5420  0.000200
5425  0.000200
5430  0.000200
5435  0.000200
5440  0.000200
5445  0.000200
5450  0.000200
5455  0.000200
5460  0.000200
5465  0.000200
5470  0.000200
5475  0.000200
5480  0.000200
5485  0.000200
5490  0.000200
5495  0.000200
5500  0.000200
5505  0.000200
5510  0.000200
5515  0.000200
5520  0.000200
5525  0.000200
5530  0.000200
5535  0.000200
5540  0.000200
5545  0.000200
5550  0.000200
5555  0.000200
5560  0.000200
5565  0.000200
5570  0.000200
5575  0.000200
5580  0.000200
5585  0.000200
5590  0.000200
5595  0.000200
5600  0.000200
5605  0.000200
5610  0.000200
5615  0.000200
5620  0.000200
5625  0.000200
5630  0.000200
5635  0.000200
5640  0.000200
5645  0.000200
5650  0.000850
5655  0.000760
5660  0.000200
5665  0.000200
5670  0.000200
5675  0.000200
5680  0.000200
5685  0.000200
5690  0.000200
5695  0.000200
5700  0.000200
5705  0.000200
5710  0.000200
5715  0.000200
5720  0.000200
5725  0.000200
5730  0.000200
5735  0.000200
5740  0.000200
5745  0.000200
5750  0.000200
5755  0.000200
5760  0.000200
5765  0.000200
5770  0.000200
5775  0.000200
5780  0.000200
5785  0.000200
5790  0.000200
5795  0.000200
5800  0.000200
5805  0.000200
5810  0.000200
5815  0.000200
5820  0.000200
5825  0.000200
5830  0.000200
5835  0.000200
5840  0.000200
5845  0.000200
5850  0.000200
5855  0.000200
5860  0.000200
5865  0.000200
5870  0.000200
5875  0.000200
5880  0.000200
5885  0.000200
5890  0.000200
5895  0.000200
5900  0.000360
5905  0.000280
5910  0.000290
5915  0.000200
5920  0.000200
5925  0.000200
5930  0.000200
5935  0.000200
5940  0.000200
5945  0.000200
5950  0.000200
5955  0.000200
5960  0.000200
5965  0.000200
5970  0.000200
5975  0.000200
5980  0.000200
5985  0.000340
5990  0.000870
5995  0.000330
6000  0.000200
6005  0.000200
6010  0.000200
6015  0.000200
6020  0.000200
6025  0.000200
6030  0.000200
6035  0.000200
6040  0.000200
6045  0.000200
6050  0.000200
6055  0.000200
6060  0.000200
6065  0.000200
6070  0.000200
6075  0.000200
6080  0.000200
6085  0.000200
6090  0.000200
6095  0.000200
6100  0.000200
6105  0.000200
6110  0.000200
6115  0.000200
6120  0.000200
6125  0.000200
6130  0.000200
6135  0.000200
6140  0.000200
6145  0.000200
6150  0.000200
6155  0.000200
6160  0.000200
6165  0.000200
6170  0.000200
6175  0.000200
6180  0.000200
6185  0.000200
6190  0.000200
6195  0.000200
6200  0.000200
6205  0.000200
6210  0.000200
6215  0.000200
6220  0.000200
6225  0.000200
6230  0.000200
6235  0.000200
6240  0.000200
6245  0.000200
6250  0.000200
6255  0.000200
6260  0.000200
6265  0.000200
6270  0.000200
6275  0.000200
6280  0.000200
6285  0.000200
6290  0.000200
6295  0.000200
6300  0.000200
6305  0.000200
6310  0.000200
6315  0.000200
6320  0.000200
6325  0.000200
6330  0.000200
6335  0.000200
6340  0.000200
6345  0.000200
6350  0.000200
6355  0.000200
6360  0.000200
6365  0.000200
6370  0.000200
6375  0.000200
6380  0.000200
6385  0.000200
6390  0.000200
6395  0.000200
6400  0.000200
6405  0.000200
6410  0.000200
6415  0.000200
6420  0.000200
6425  0.000200
6430  0.000200
6435  0.000200
6440  0.000200
6445  0.000200
6450  0.000200
6455  0.000200
6460  0.000200
6465  0.000200
6470  0.000200
6475  0.000200
6480  0.000200
6485  0.000200
6490  0.000200
6495  0.000200
6500  0.000200
6505  0.000200
6510  0.000200
6515  0.000200
6520  0.000200
6525  0.000200
6530  0.000200
6535  0.000200
6540  0.000200
6545  0.000200
6550  0.000200
6555  0.000200
6560  0.000200
6565  0.000200
6570  0.000200
6575  0.000200
6580  0.000200
6585  0.000200
6590  0.000200
6595  0.000200
6600  0.000200
6605  0.000200
6610  0.000200
6615  0.000200
6620  0.000200
6625  0.000200
6630  0.000200
6635  0.000200
6640  0.000200
6645  0.000200
6650  0.000200
6655  0.000200
6660  0.000200
6665  0.000200
6670  0.000200
6675  0.000200
6680  0.000200
6685  0.000200
6690  0.000200
6695  0.000200
6700  0.000200
6705  0.000200
6710  0.000200
6715  0.000200
6720  0.000200
6725  0.000200
6730  0.000200
6735  0.000200
6740  0.000200
6745  0.000200
6750  0.000200
6755  0.000200
6760  0.000200
6765  0.000200
6770  0.000200
6775  0.000200
6780  0.000200
6785  0.000200
6790  0.000200
6795  0.000200
6800  0.000200
6805  0.000200
6810  0.000200
6815  0.000200
6820  0.000450
6825  0.000710
6830  0.000200
6835  0.000200
6840  0.000200
6845  0.000200
6850  0.000200
6855  0.000200
6860  0.000200
6865  0.000200
6870  0.000200
6875  0.000200
6880  0.000200
6885  0.000580
6890  0.000860
6895  0.001440
6900  0.001150
6905  0.000950
6910  0.000340
6915  0.000200
6920  0.000200
6925  0.000200
6930  0.000200
6935  0.000200
6940  0.000200
6945  0.000200
6950  0.000200
6955  0.000200
6960  0.000200
6965  0.000200
6970  0.000200
6975  0.000200
6980  0.000200
6985  0.000200
6990  0.000200
6995  0.000200
7000  0.000200
7005  0.000200
7010  0.000200
7015  0.000200
7020  0.000200
7025  0.000200
7030  0.000200
7035  0.000200
7040  0.000200
7045  0.000200
7050  0.000200
7055  0.000200
7060  0.000200
7065  0.000200
7070  0.000200
7075  0.000200
7080  0.000200
7085  0.000200
7090  0.000200
7095  0.000200
7100  0.000200
7105  0.000200
7110  0.000200
7115  0.000200
7120  0.000200
7125  0.000200
7130  0.000200
7135  0.000200
7140  0.000200
7145  0.000200
7150  0.000200
7155  0.000200
7160  0.000430
7165  0.000200
7170  0.000200
7175  0.000200
7180  0.000200
7185  0.000200
7190  0.000200
7195  0.000200
7200  0.000200
7205  0.000200
7210  0.000200
7215  0.000200
7220  0.000200
7225  0.000200
7230  0.000200
7235  0.000200
7240  0.000200
7245  0.000200
7250  0.000200
7255  0.000200
7260  0.000200
7265  0.000200
7270  0.000200
7275  0.000200
7280  0.000200
7285  0.000200
7290  0.000200
7295  0.000200
7300  0.000200
7305  0.000200
7310  0.000890
7315  0.000610
7320  0.000620
7325  0.000270
7330  0.000200
7335  0.000200
7340  0.000410
7345  0.000930
7350  0.001280
7355  0.001120
7360  0.000610
7365  0.000200
7370  0.000200
7375  0.000200
7380  0.000920
7385  0.001960
7390  0.002500
7395  0.002200
7400  0.001640
7405  0.000930
7410  0.000270
7415  0.000200
7420  0.000200
7425  0.000200
7430  0.000200
7435  0.000200
7440  0.000200
7445  0.000200
7450  0.000300
7455  0.001340
7460  0.001600
7465  0.001330
7470  0.001270
7475  0.000870
7480  0.001080
7485  0.000710
7490  0.000900
7495  0.001200
7500  0.000980
7505  0.000710
7510  0.000200
7515  0.000200
7520  0.000200
7525  0.001170
7530  0.001760
7535  0.002200
7540  0.002740
7545  0.003500
7550  0.003920
7555  0.003890
7560  0.003420
7565  0.003130
7570  0.003510
7575  0.003410
7580  0.004140
7585  0.004420
7590  0.004450
7595  0.004280
7600  0.003570
7605  0.002390
7610  0.002050
7615  0.002450
7620  0.003130
7625  0.003520
7630  0.003630
7635  0.003940
7640  0.003930
7645  0.003780
7650  0.003920
7655  0.004640
7660  0.005980
7665  0.007440
7670  0.007580
7675  0.007070
7680  0.007110
7685  0.006480
7690  0.006680
7695  0.006770
7700  0.006890
7705  0.007930
7710  0.009140
7715  0.010070
7720  0.011210
7725  0.011530
7730  0.012280
7735  0.013420
7740  0.013630
7745  0.014720
7750  0.016360
7755  0.017420
7760  0.019430
7765  0.021890
7770  0.024230
7775  0.026440
7780  0.028690
7785  0.030430
7790  0.032810
7795  0.033920
7800  0.035390
7805  0.037470
7810  0.039970
7815  0.043570
7820  0.047240
7825  0.051690
7830  0.056530
7835  0.061690
7840  0.067070
7845  0.072290
7850  0.079180
7855  0.086190
7860  0.094480
7865  0.103490
7870  0.113880
7875  0.124770
7880  0.136320
7885  0.149410
7890  0.164140
7895  0.180750
7900  0.199270
7905  0.220180
7910  0.242550
7915  0.266560
7920  0.293570
7925  0.322320
7930  0.355550
7935  0.392450
7940  0.432670
7945  0.477250
7950  0.526050
7955  0.580230
7960  0.638550
7965  0.702080
7970  0.773560
7975  0.851840
7980  0.936500
7985  1.030060
7990  1.131890
7995  1.241340
8000  1.360090
8005  1.491470
8010  1.635270
8015  1.792870
8020  1.961360
8025  2.146720
8030  2.349180
8035  2.567610
8040  2.801740
8045  3.055890
8050  3.331150
8055  3.634130
8060  3.960150
8065  4.303690
8070  4.664680
8075  5.053290
8080  5.466610
8085  5.905820
8090  6.375300
8095  6.881910
8100  7.419440
8105  7.987970
8110  8.591750
8115  9.236490
8120  9.911380
8125  10.616640
8130  11.360290
8135  12.146980
8140  12.968180
8145  13.818990
8150  14.700701
8155  15.618050
8160  16.568710
8165  17.553320
8170  18.569479
8175  19.621981
8180  20.702959
8185  21.813471
8190  22.961401
8195  24.139210
8200  25.335291
8205  26.549759
8210  27.793190
8215  29.054371
8220  30.330881
8225  31.616159
8230  32.905613
8235  34.204163
8240  35.509197
8245  36.824242
8250  38.143021
8255  39.464508
8260  40.785141
8265  42.104767
8270  43.412830
8275  44.722919
8280  46.023750
8285  47.305412
8290  48.586578
8295  49.861530
8300  51.122200
8305  52.363430
8310  53.592346
8315  54.801704
8320  55.997746
8325  57.174809
8330  58.313988
8335  59.418274
8340  60.496540
8345  61.578854
8350  62.634529
8355  63.666630
8360  64.679550
8365  65.691795
8370  66.683578
8375  67.638275
8380  68.552986
8385  69.445717
8390  70.316200
8395  71.161003
8400  71.985329
8405  72.796051
8410  73.599396
8415  74.399338
8420  75.159416
8425  75.891792
8430  76.584419
8435  77.244339
8440  77.905945
8445  78.532890
8450  79.108307
8455  79.773911
8460  80.409508
8465  81.115723
8470  81.736794
8475  82.315369
8480  82.771538
8485  83.272987
8490  83.808334
8495  84.267258
8500  84.878746
8505  85.357864
8510  85.784149
8515  86.194183
8520  86.473633
8525  86.744484
8530  87.082794
8535  87.487823
8540  87.825668
8545  88.132233
8550  88.252167
8555  88.466171
8560  88.706398
8565  88.816879
8570  89.140671
8575  89.506477
8580  89.849106
8585  90.158836
8590  90.377037
8595  90.475479
8600  90.690750
8605  90.727760
8610  91.070084
8615  91.370941
8620  91.555321
8625  91.778618
8630  92.033363
8635  92.307838
8640  92.524292
8645  92.735306
8650  92.920158
8655  93.002937
8660  93.074104
8665  93.258759
8670  93.370468
8675  93.359200
8680  93.541908
8685  93.827400
8690  94.156471
8695  94.426514
8700  94.588211
8705  94.725563
8710  94.741646
8715  94.752754
8720  94.760880
8725  94.583580
8730  94.513481
8735  94.527649
8740  94.542244
8745  94.682739
8750  94.724541
8755  94.707581
8760  94.912926
8765  95.075569
8770  95.207451
8775  95.412048
8780  95.501144
8785  95.580635
8790  95.848091
8795  95.767494
8800  95.813332
8805  95.704788
8810  95.674629
8815  95.663544
8820  95.711662
8825  95.635033
8830  95.861160
8835  95.810570
8840  95.916458
8845  96.088882
8850  96.203705
8855  96.218094
8860  96.385971
8865  96.379295
8870  96.513000
8875  96.512451
8880  96.473434
8885  96.616188
8890  96.667908
8895  96.623955
8900  96.647881
8905  96.304482
8910  95.949951
8915  95.800667
8920  95.738541
8925  95.825363
8930  95.995033
8935  96.292633
8940  96.547714
8945  96.574471
8950  96.638664
8955  96.773796
8960  96.645775
8965  96.587006
8970  96.602020
8975  96.762375
8980  96.578400
8985  96.475800
8990  96.435028
8995  96.405869
9000  96.398315
9005  96.605934
9010  96.604164
9015  96.591370
9020  96.618561
9025  96.934387
9030  96.908791
9035  96.957527
9040  96.883293
9045  96.958946
9050  96.948380
9055  96.832756
9060  96.771339
9065  96.712021
9070  96.680862
9075  96.807289
9080  97.044868
9085  97.218239
9090  97.027954
9095  97.052094
9100  96.821259
9105  96.636070
9110  96.563705
9115  96.560005
9120  96.766594
9125  96.988518
9130  97.239029
9135  97.361221
9140  97.228088
9145  97.035400
9150  97.112175
9155  97.089310
9160  97.147263
9165  97.189995
9170  97.128609
9175  97.084244
9180  97.167809
9185  97.204262
9190  97.220291
9195  97.174606
9200  97.410706
9205  97.486191
9210  97.381035
9215  97.281654
9220  97.211891
9225  97.152740
9230  97.220673
9235  97.294250
9240  97.299332
9245  97.346619
9250  97.362534
9255  97.327438
9260  97.335938
9265  97.270699
9270  97.384178
9275  97.346649
9280  97.299744
9285  97.313080
9290  97.270088
9295  97.213882
9300  97.269615
9305  97.267578
9310  97.350769
9315  97.493210
9320  97.576500
9325  97.614685
9330  97.534073
9335  97.520660
9340  97.520561
9345  97.437210
9350  97.459351
9355  97.424110
9360  97.382423
9365  97.279579
9370  97.272934
9375  97.223473
9380  97.195732
9385  97.194771
9390  97.282555
9395  97.400291
9400  97.409615
9405  97.497398
9410  97.495094
9415  97.391899
9420  97.576187
9425  97.490295
9430  97.357384
9435  97.239410
9440  97.186813
9445  97.124718
9450  97.140343
9455  97.164925
9460  97.383759
9465  97.439278
9470  97.557129
9475  97.715912
9480  97.559044
9485  97.352150
9490  97.408173
9495  97.428352
9500  97.474655
9505  97.496300
9510  97.592064
9515  97.612572
9520  97.620239
9525  97.545738
9530  97.479836
9535  97.403351
9540  97.328590
9545  97.374428
9550  97.381798
9555  97.533768
9560  97.513519
9565  97.476044
9570  97.439217
9575  97.359535
9580  97.256203
9585  97.264763
9590  97.378220
9595  97.510071
9600  97.535179
9605  97.709129
9610  97.719749
9615  97.820457
9620  97.793785
9625  97.738365
9630  97.553490
9635  97.415123
9640  97.284843
9645  97.210091
9650  97.219673
9655  97.249153
9660  97.407875
9665  97.581955
9670  97.680649
9675  97.709709
9680  97.591827
9685  97.656357
9690  97.642258
9695  97.579239
9700  97.585701
9705  97.583450
9710  97.563660
9715  97.504227
9720  97.498550
9725  97.574051
9730  97.473480
9735  97.449051
9740  97.445206
9745  97.536461
9750  97.708633
9755  97.855598
9760  97.911446
9765  97.881180
9770  97.828850
9775  97.742653
9780  97.642891
9785  97.535934
9790  97.421967
9795  97.583656
9800  97.590973
9805  97.628242
9810  97.616127
9815  97.677216
9820  97.723091
9825  97.718430
9830  97.671463
9835  97.647141
9840  97.654518
9845  97.666039
9850  97.597748
9855  97.673950
9860  97.688507
9865  97.694901
9870  97.674026
9875  97.624435
9880  97.542175
9885  97.545013
9890  97.540298
9895  97.524551
9900  97.478065
9905  97.479401
9910  97.569504
9915  97.553673
9920  97.510330
9925  97.552399
9930  97.600197
9935  97.623436
9940  97.652138
9945  97.689941
9950  97.668968
9955  97.700890
9960  97.693130
9965  97.662949
9970  97.597275
9975  97.569252
9980  97.624306
9985  97.627625
9990  97.709991
9995  97.775757
10000  97.802177
10005  97.842171
10010  97.837402
10015  97.817764
10020  97.709999
10025  97.698181
10030  97.725334
10035  97.703392
10040  97.607109
10045  97.545464
10050  97.581512
10055  97.506203
10060  97.481239
10065  97.507729
10070  97.525070
10075  97.603539
10080  97.601288
10085  97.644287
10090  97.595100
10095  97.641716
10100  97.813690
10105  97.887405
10110  97.826370
10115  97.747650
10120  97.718811
10125  97.601166
10130  97.577530
10135  97.537903
10140  97.576569
10145  97.708305
10150  97.813499
10155  97.887810
10160  97.808548
10165  97.771088
10170  97.793945
10175  97.727608
10180  97.656822
10185  97.695824
10190  97.717392
10195  97.722450
10200  97.792587
10205  97.854294
10210  97.831482
10215  97.822609
10220  97.853218
10225  97.845261
10230  97.775391
10235  97.809517
10240  97.891273
10245  97.878555
10250  97.874023
10255  97.913597
10260  97.952393
10265  97.954811
10270  97.925964
10275  97.891739
10280  97.794403
10285  97.817627
10290  97.781029
10295  97.755272
10300  97.743973
10305  97.751083
10310  97.761848
10315  97.747673
10320  97.754059
10325  97.738068
10330  97.728462
10335  97.774231
10340  97.838470
10345  97.845322
10350  97.773552
10355  97.832550
10360  97.808716
10365  97.824356
10370  97.818855
10375  97.754227
10380  97.721588
10385  97.696945
10390  97.684349
10395  97.652519
10400  97.659760
10405  97.692581
10410  97.712761
10415  97.818268
10420  97.853645
10425  97.911942
10430  97.927673
10435  97.965683
10440  98.001900
10445  97.957481
10450  97.891998
10455  97.834091
10460  97.842690
10465  97.748520
10470  97.722443
10475  97.738251
10480  97.683014
10485  97.692291
10490  97.729889
10495  97.767227
10500  97.825203
10505  97.867134
10510  97.910767
10515  97.887573
10520  97.820869
10525  97.744171
10530  97.761208
10535  97.666473
10540  97.666473
10545  97.695290
10550  97.715065
10555  97.743866
10560  97.776535
10565  97.787735
10570  97.813469
10575  97.830124
10580  97.841530
10585  97.840050
10590  97.860527
10595  97.718399
10600  97.718636
10605  97.614319
10610  97.601372
10615  97.539566
10620  97.502151
10625  97.519890
10630  97.603294
10635  97.700264
10640  97.753136
10645  97.747078
10650  97.731369
10655  97.748497
10660  97.723618
10665  97.657860
10670  97.662933
10675  97.657463
10680  97.727959
10685  97.730858
10690  97.774544
10695  97.763451
10700  97.756264
10705  97.729309
10710  97.657753
10715  97.604111
10720  97.568527
10725  97.589737
10730  97.535980
10735  97.614517
10740  97.695702
10745  97.768951
10750  97.848427
10755  97.824165
10760  97.855988
10765  97.826080
10770  97.816360
10775  97.820717
10780  97.780266
10785  97.741760
10790  97.720467
10795  97.713120
10800  97.676895
10805  97.644653
10810  97.614029
10815  97.646866
10820  97.662476
10825  97.674545
10830  97.677811
10835  97.636597
10840  97.658333
10845  97.675285
10850  97.696640
10855  97.733437
10860  97.726372
10865  97.745399
10870  97.763756
10875  97.764336
10880  97.713760
10885  97.743027
10890  97.769279
10895  97.846962
10900  97.901382
10905  97.918396
10910  97.905617
10915  97.814949
10920  97.726440
10925  97.693283
10930  97.638145
10935  97.626976
10940  97.607239
10945  97.646011
10950  97.656830
10955  97.649620
10960  97.615692
10965  97.588989
10970  97.530037
10975  97.515770
10980  97.635612
10985  97.633087
10990  97.579094
10995  97.634308
11000  97.730438
11005  97.809822
11010  97.792641
11015  97.772377
11020  97.823608
11025  97.760735
11030  97.655273
11035  97.607544
11040  97.510834
11045  97.503639
11050  97.686508
11055  97.738464
11060  97.767342
11065  97.814857
11070  97.831703
11075  97.773125
11080  97.662338
11085  97.505257
11090  97.552208
11095  97.541382
11100  97.561661
11105  97.608109
11110  97.583389
11115  97.599373
11120  97.601685
11125  97.535889
11130  97.599701
11135  97.574493
11140  97.539505
11145  97.483376
11150  97.447128
11155  97.385162
11160  97.357910
11165  97.302879
11170  97.339531
11175  97.414131
11180  97.435555
11185  97.515053
11190  97.497070
11195  97.424438
11200  97.417122
11205  97.303551
11210  97.306564
11215  97.308556
11220  97.371384
11225  97.476311
11230  97.533821
11235  97.586235
11240  97.616280
11245  97.614845
11250  97.533340
11255  97.461777
11260  97.399498
11265  97.371063
11270  97.311401
11275  97.240791
11280  97.243454
11285  97.285683
11290  97.406120
11295  97.517487
11300  97.499290
11305  97.491379
11310  97.369019
11315  97.311920
11320  97.233215
11325  97.136292
11330  97.113510
11335  97.155205
11340  97.111168
11345  97.111984
11350  97.124619
11355  97.151207
11360  97.182343
11365  97.238968
11370  97.231850
11375  97.239883
11380  97.172272
11385  97.182442
11390  97.170288
11395  97.208549
11400  97.285881
11405  97.392700
11410  97.288971
11415  97.101509
11420  96.960960
11425  96.821617
11430  96.771690
11435  96.823608
11440  96.912468
11445  97.033760
11450  97.186676
11455  97.244781
11460  97.184906
11465  97.127090
11470  97.057007
11475  97.054550
11480  97.044144
11485  97.035210
11490  96.998665
11495  96.919510
11500  96.966644
11505  96.968529
11510  96.956932
11515  96.949265
11520  96.994247
11525  97.021133
11530  97.003120
11535  97.021103
11540  97.035690
11545  97.046692
11550  97.036530
11555  97.043259
11560  97.002296
11565  96.952278
11570  96.974495
11575  96.946701
11580  96.953514
11585  96.925179
11590  96.965996
11595  96.976120
11600  96.925774
11605  96.902725
11610  96.961922
11615  96.966248
11620  96.984207
11625  96.893898
11630  96.883118
11635  96.871010
11640  96.827728
11645  96.794899
11650  96.763733
11655  96.730431
11660  96.779106
11665  96.812645
11670  96.775200
11675  96.772858
11680  96.851608
11685  96.852707
11690  96.943375
11695  96.849731
11700  96.853760
11705  96.836975
11710  96.740898
11715  96.762375
11720  96.741035
11725  96.736160
11730  96.784477
11735  96.774521
11740  96.763832
11745  96.691307
11750  96.616943
11755  96.540245
11760  96.572731
11765  96.568176
11770  96.630821
11775  96.677750
11780  96.657501
11785  96.685020
11790  96.628609
11795  96.490562
11800  96.476860
11805  96.441559
11810  96.509018
11815  96.569931
11820  96.551788
11825  96.618950
11830  96.665039
11835  96.645210
11840  96.650398
11845  96.537102
11850  96.473831
11855  96.442451
11860  96.403557
11865  96.308189
11870  96.351585
11875  96.370819
11880  96.455627
11885  96.560875
11890  96.549515
11895  96.591133
11900  96.647400
11905  96.593102
11910  96.612778
11915  96.503105
11920  96.352600
11925  96.224571
11930  96.189865
11935  96.163956
11940  96.233368
11945  96.299278
11950  96.388100
11955  96.437111
11960  96.454384
11965  96.370949
11970  96.348763
11975  96.263031
11980  96.292412
11985  96.334023
11990  96.331612
11995  96.310631
12000  96.328209
